FAMID ID ILMN_1662174 ILMN_1670576 ILMN_3245973 ILMN_1668277 ILMN_1666206 ILMN_1724762 ILMN_1707448 ILMN_2300695 ILMN_2200917 ILMN_1699599 ILMN_1797428 ILMN_1771862 ILMN_1690907 ILMN_1715680 ILMN_1687213 ILMN_1691693 ILMN_3248511
809 809 NA NA NA NA NA NA NA NA NA NA NA NA NA NA NA NA NA
810 810 NA NA NA NA NA NA NA NA NA NA NA NA NA NA NA NA NA
813 813 NA NA NA NA NA NA NA NA NA NA NA NA NA NA NA NA NA
814 814 NA NA NA NA NA NA NA NA NA NA NA NA NA NA NA NA NA
815 815 NA NA NA NA NA NA NA NA NA NA NA NA NA NA NA NA NA
826 826 -0.734286582 -0.485096436 0.002414343 0.199505599 -0.6721087638 0.281020426 -0.015288636 0.399471601 -0.094368697 0.969244306 0.8546136728 -0.1434749921 -0.151615662 -0.169363419 -0.98313047 0.703248288 -1.25191653
827 827 -0.154884745 0.989815835 0.556885077 -0.118591268 0.1401939191 0.050511301 -0.142229512 0.447188146 0.076825162 -0.055365726 0.0938856692 0.2380394166 0.682734131 -0.201626125 -1.03933296 0.3204451812 -0.77523733
829 829 NA NA NA NA NA NA NA NA NA NA NA NA NA NA NA NA NA
835 835 0.216168967 0.220976576 -0.174699696 0.058100573 0.1911645804 0.026364459 0.066072783 -0.116504804 0.01750815 -1.033754582 -0.7408107498 -0.2054571005 0.535751083 -0.038910828 0.65857364 -0.6826987989 0.80989155
838 838 NA NA NA NA NA NA NA NA NA NA NA NA NA NA NA NA NA
840 840 NA NA NA NA NA NA NA NA NA NA NA NA NA NA NA NA NA
841 841 0.539312568 -0.806262674 0.125749458 -0.273381629 0.1850385855 -0.390628387 -0.028241569 -0.316975746 0.09451638 -0.035719863 -0.2062168141 0.0264719146 -0.054405225 -0.279051842 2.11713071 -0.2998037578 1.9509653
842 842 NA NA NA NA NA NA NA NA NA NA NA NA NA NA NA NA NA
844 844 NA NA NA NA NA NA NA NA NA NA NA NA NA NA NA NA NA
845 845 -0.386796741 0.375386981 0.053856884 0.108680316 -0.1007017121 -0.23316013 -0.183165554 0.055430152 0.11105031 -0.66105331 -0.9255180212 -0.2177778112 -0.07280347 -0.370080539 -1.13194366 -0.6811342109 -0.87009807
854 854 NA NA NA NA NA NA NA NA NA NA NA NA NA NA NA NA NA
867 867 NA NA NA NA NA NA NA NA NA NA NA NA NA NA NA NA NA
868 868 NA NA NA NA NA NA NA NA NA NA NA NA NA NA NA NA NA
878 878 -0.049971302 0.42725141 0.11894858 -0.146850372 0.2951079369 0.132537149 0.149918217 0.743545126 0.196337865 -0.62732662 -0.8512836985 -0.0365134682 0.024056545 0.252943251 0.62209703 -0.2591505173 0.72194417
879 879 -0.166506121 1.076464631 0.076790215 0.085893994 -0.3649106327 0.563440945 -0.261180873 -0.235814004 0.089427475 0.641432583 0.6413788993 0.2451306334 0.101315652 0.229329949 -0.60321081 0.2720441207 -0.7936275
882 882 -0.043905699 -0.18228464 -0.094936379 -0.049186112 -0.0002964219 -0.36444754 -0.341891143 -0.119468113 -0.071256317 0.998546901 0.645108894 -0.3288570868 0.22083756 0.176096815 -0.79199066 0.5325571517 -0.53843354
884 884 -0.429214389 1.005778538 -0.073952792 -0.640814862 -0.4012654231 0.133549831 -0.335198194 0.265084604 -0.177441222 0.022194003 0.3497521813 -0.4083537522 0.013990936 0.483775272 1.07521737 -0.0514546233 1.02782118
891 891 0.149480112 1.041962523 0.220703689 -0.104899496 0.3536105474 0.207563461 -0.778521073 -1.205285582 0.247915542 0.409672598 0.6161976938 -0.1125660924 0.184750847 0.045437008 0.52615031 0.3956044022 0.2662889
892 892 0.385386926 -1.034734582 0.182569797 -0.00732413 0.0392660489 0.009754411 -0.024155119 -0.16641674 -0.173378912 -0.816257407 -0.5618107088 -0.1810586731 0.202309311 -0.116722063 -0.86084423 -0.5372309164 -1.14866123
893 893 -0.134527839 0.002064361 0.306364237 0.226040912 0.4764379421 -0.003242977 0.116799685 0.454496689 0.18495388 0.680273053 0.2661425732 -0.3156036718 0.022439455 -0.488317639 0.18464887 0.2307372478 0.14783244
896 896 NA NA NA NA NA NA NA NA NA NA NA NA NA NA NA NA NA
898 898 0.038078196 -0.798571541 0.159946233 -0.160348091 0.6317522508 0.302622233 -0.414312321 0.60181242 -0.140971099 -0.264398165 -0.2834683327 0.2457414422 0.00818661 0.140472975 0.40241977 -0.110012047 0.81499577
905 905 1.012701509 0.280088143 0.35320156 0.101430199 1.0384673146 -0.264894964 0.247550679 -0.330228728 0.211078453 0.055404514 -0.0423077106 0.4086749069 0.270658228 0.524375876 -0.63644325 0.0172603093 -0.68835629
912 912 0.744081923 0.31713504 0.274579715 0.061277375 0.3213425303 -0.282342858 0.365069392 -0.568097845 -0.31962746 -0.613704371 -0.6193489497 0.0025811189 0.01653106 -0.328990721 1.43200982 -0.2820345202 1.35242607
915 915 -0.054931756 -0.862783375 -0.212497 0.105608206 0.4290918793 0.486945686 0.208375124 0.29199588 0.001687388 -0.158503018 -0.2514467207 0.3718428021 0.196925394 -0.215309188 -0.8687461 -0.238472354 -1.10176027
923 923 -0.353406031 -0.830886017 0.050849333 0.108242111 0.0384737787 -0.139355327 0.336359464 -0.245964025 0.317667817 0.442227524 0.8175875868 -0.0429636384 -0.043046297 -0.389649588 -1.08731886 0.4159641003 -1.4287045
926 926 -0.381875454 -0.855279168 0.045572927 0.23294892 -0.2947349984 0.017913836 -0.09890474 0.319156777 -0.33287372 0.033194832 -0.1170676538 -0.3667166188 0.068407179 -0.225236305 -0.97972157 0.0857436197 -1.21461607
929 929 NA NA NA NA NA NA NA NA NA NA NA NA NA NA NA NA NA
930 930 0.610607357 0.184596268 0.08922385 -0.090358712 0.6877608851 0.008875393 -0.171129477 -0.833902844 -0.03540741 1.005017578 1.0268436498 -0.2831448224 0.150616139 0.148753057 0.7125588 0.6354806977 0.62995108
932 932 0.312749028 -1.153592471 0.042807435 0.090505505 0.0980267753 -0.362337511 0.181066533 -0.102118925 0.031942514 0.125757294 -0.0406944652 0.2301658279 0.142507065 -0.062858662 2.08474313 0.0788959184 1.91355235
934 934 NA NA NA NA NA NA NA NA NA NA NA NA NA NA NA NA NA
935 935 NA NA NA NA NA NA NA NA NA NA NA NA NA NA NA NA NA
937 937 -0.760313036 1.174317757 -0.05037372 0.164629718 -0.1702571458 0.225196081 0.189156372 0.292175583 -0.154888525 0.276491465 0.1730295819 -0.772159571 -0.166128035 0.237790503 -0.67001982 -0.0182529289 -0.71810257
938 938 -0.024709451 0.651731665 -0.298414045 0.092013852 0.1979869508 0.566746838 -0.333450202 0.394697921 0.135378884 0.039798099 -0.0536561454 0.1547114329 0.084259057 0.21784091 -0.88940716 -0.1376059376 -0.65902498
944 944 0.404633126 -0.749105265 -0.386796893 0.038284481 0.0346829257 -0.459379611 -0.604744719 -0.128556552 0.304953861 0.314813881 0.1396182624 0.0453019441 0.295735852 0.225169072 0.06448425 0.1420642178 -0.09156426
945 945 NA NA NA NA NA NA NA NA NA NA NA NA NA NA NA NA NA
946 946 -0.44427055 -0.984127272 0.020735786 0.216160048 -0.5083891449 0.132006331 0.836999766 -0.109732913 -0.231124247 0.072114483 -0.230682004 0.1780750666 -0.032544602 -0.054459348 -1.09004351 -0.049790054 -0.97231849
948 948 0.588836122 -0.38129203 -0.119927147 0.073969175 0.229479002 0.220215025 0.029797002 -0.009578106 -0.130059907 0.01301674 0.085860394 -0.2864036836 -0.140210384 0.203945742 0.38558315 0.2477641681 0.07214697
954 954 0.510541622 -0.790645786 -0.374504138 -0.345886283 0.4279694393 0.014627243 0.078664715 0.035608283 0.317503983 -0.837325787 -0.8652731951 0.3998370964 -0.107423551 0.088336088 2.60277155 -0.6910031788 2.53882628
957 957 0.522823383 0.076025443 0.116629261 0.105293488 -0.0166449844 -0.381992877 -0.385197791 -1.306939428 -0.157633883 0.296084397 0.2464989891 -0.0009663414 -0.291351866 0.014473692 1.12852261 0.224073717 1.13356437
962 962 0.624530736 -1.036337523 -0.295110409 0.151667878 0.3938460762 -0.50571056 -0.300534764 0.331449447 0.422236811 0.2668048 -0.2957681224 -0.0559116943 -0.086821749 0.433970342 -0.21858933 0.0665216908 -0.20883749
965 965 0.338416576 -0.054189144 0.22110191 0.190520415 0.8252660345 0.161608809 0.020894287 -0.332618348 -0.054823069 -0.937595575 -0.7393932808 0.0365346251 -0.158355108 0.00365895 -1.64344264 -0.3780811148 -1.04045995
967 967 0.073484209 -0.689835727 -0.079598521 0.23888885 -0.3690216473 0.22521367 0.00889491 0.526203146 0.355511984 0.011575626 0.3737845244 0.073796158 -0.020482456 -0.365620272 -1.54022954 -0.0312896101 -1.361307
969 969 0.011550495 1.023075177 0.311021808 -0.075307343 0.0314271327 -0.009647734 0.212507502 0.144833024 0.143488808 0.651241003 0.1703934584 -0.1605932181 -0.034364966 0.194234081 2.3142387 0.2964831557 2.52244167
973 973 0.178153338 -1.515510377 0.017728045 0.0743077 -0.0943331878 -0.007205112 -0.152857472 -0.11437851 0.171474559 -0.961407831 -0.8176952606 0.1052775704 -0.105048727 0.108390249 1.13138191 -0.6232068366 1.0931245
974 974 -0.6375497 0.601471363 0.194837811 0.046066242 -0.2125529295 0.396251731 0.409211696 0.730651911 -0.183879625 -0.036778673 0.0661368626 0.3391949683 -0.030986182 0.035269156 0.06708126 -0.0501950579 0.1043843
975 975 -0.032858582 0.845245667 0.304159705 -0.219871584 -0.0054740043 0.10448983 -0.115427028 0.308185414 -0.028111219 0.023491085 -0.0259310172 -0.225002172 -0.003196341 0.091453569 1.08806855 -0.0834912566 0.65882393
978 978 0.176345543 0.03303069 -0.084675553 0.172355147 0.0392170686 -0.398933638 0.246917831 -0.359104891 0.219224635 -0.740655578 -0.9195366432 -0.0796686389 -0.133593711 0.0343672 -1.72345113 -0.3978696352 -1.16816623
980 980 -0.212945557 1.127333926 -0.264897211 0.136103726 -0.2757825344 -0.243070217 -0.062106673 0.179283447 -0.437720692 -0.190360716 0.1060053129 -0.0279711114 -0.207692829 -0.258632501 0.70878877 -0.038078526 0.62266013
992 992 -0.619261932 0.470655086 0.098368087 -0.011693128 -0.3448404859 0.262423635 -0.11411873 0.14636337 -0.079800503 -0.113892312 -0.0652346187 -0.1537012718 -0.128191831 -0.290604987 -1.57874925 0.0425659214 -1.19866895
995 995 -0.716907184 0.511836935 0.507627571 0.297958077 -0.5487662176 0.51354112 0.011981503 -0.028961598 0.009929259 -0.167140442 -0.1407982385 0.033235492 -0.103194274 -0.385359534 -0.98003643 -0.1176036503 -0.8588219
996 996 0.476451168 0.365252726 -0.041393821 -0.149242894 0.210731697 0.204696324 0.229602196 -0.071723506 -0.15997671 0.146736874 0.3437038975 -0.0942919276 -0.197564373 -0.237433127 -0.96883086 0.1479039334 -1.00111054
1000 1000 -0.250401976 0.402207642 0.016074317 -0.570527451 0.0257817084 0.129535793 -0.262643429 0.31487199 -0.436206678 0.399657242 0.5140524247 0.068850792 0.064143203 0.523786966 1.79934531 0.191248008 1.75282954
1003 1003 -0.04479465 -1.130838811 -0.78873391 -0.144624671 -0.2416061967 -0.289280228 0.288558657 0.223870004 0.015371953 -0.105921306 0.135346424 -0.075033648 -0.100045394 0.287437006 0.45584577 0.1531748381 0.64469666
1005 1005 -0.172368725 -0.417570576 0.146879556 -0.475119774 -0.1965047504 0.108795712 0.154986538 0.095379061 -0.339713644 0.011012676 -0.1837512541 0.1577273554 0.042280169 0.047963382 -0.01402504 -0.1086984937 0.157595
1008 1008 0.183841807 0.427682207 0.526406114 -0.098074934 -0.0048692424 -0.096197771 -0.201654277 -0.440466127 0.149494021 0.519670332 0.3917581816 -0.2391388208 0.233153506 -0.205083573 -0.39960086 0.1906796194 -0.47524942
1010 1010 -0.651267781 0.895181954 -0.284347146 0.272566074 -0.4442564981 -0.282014138 0.493004811 0.513365141 -0.063820818 -0.840900829 -0.8662091605 0.4576714232 0.213121562 -0.433848678 0.06801729 -0.8351392331 -0.22260328
1019 1019 -0.502957614 0.405382851 0.090481189 -0.038081181 -0.6852395704 0.065279096 0.642396339 0.648737668 -0.113290457 -0.652283292 -0.4395393332 0.8130528235 0.154997151 0.19659544 0.52930356 0.0051233945 0.54178079
1020 1020 -0.214583915 1.153282292 0.267778196 -0.025146213 -0.4397478091 0.029248335 -0.29071061 0.454361655 -0.198683221 0.70337004 1.11632077 0.3513510809 -0.374032286 0.048901079 -1.29443703 0.6339492544 -1.10801985
1022 1022 0.650578193 0.217669316 -0.420301439 -0.394245393 0.4603769257 -0.322645468 -0.188076958 -0.442191325 -0.113265764 0.276116846 0.2984291716 0.2489933166 -0.732034352 0.022787125 1.77427439 0.1918566452 1.80752522
1032 1032 -0.020971644 0.842210492 -0.040724757 0.269177065 -0.2675473842 -0.084353705 -0.442221335 0.475216192 0.227934383 0.578037109 0.4400289521 -0.1205170849 -0.02289209 -0.063198538 0.1310977 0.3258278772 -0.1375421
1037 1037 -0.325351544 0.387353602 -0.142741573 0.058588143 -0.1947421487 -0.157833631 0.104641951 -0.092475861 0.233274655 -0.309514894 -0.0594104299 0.0013919396 -0.051854931 0.037695202 -0.96944086 -0.2318215532 -1.15382665
1042 1042 NA NA NA NA NA NA NA NA NA NA NA NA NA NA NA NA NA
1050 1050 NA NA NA NA NA NA NA NA NA NA NA NA NA NA NA NA NA
1051 1051 NA NA NA NA NA NA NA NA NA NA NA NA NA NA NA NA NA
1054 1054 -0.81425453 0.173427835 -0.117595111 -0.005154338 -0.7918391263 -0.401465223 -0.452029536 -0.217982012 0.007529332 -0.064855822 0.0386139157 -0.1441553817 -0.120321526 -0.224569198 0.79396556 -0.0728978201 0.57043617
1058 1058 0.148613196 -0.429477079 -0.003711166 0.20251727 0.1023154925 0.152630632 0.404598234 1.083458887 0.020295708 0.537916751 0.5027811475 0.6061402244 -0.01030993 0.068695776 -1.14345499 0.5977089473 -1.22525099
1067 1067 NA NA NA NA NA NA NA NA NA NA NA NA NA NA NA NA NA
1070 1070 -0.368927508 -1.520125414 -0.01982023 0.078922814 -0.5476039439 0.114495457 -0.041949471 -0.306559251 0.33351877 0.093707991 0.1344772384 -0.0400105407 -0.150101293 -0.49401088 -1.87794557 -0.0261868176 -1.62545574
1072 1072 -0.480608028 0.136674036 -0.269049084 0.40739167 -0.2345882187 -0.395883559 0.302604049 0.159531917 0.437669581 -0.319876794 -0.6435602475 0.0945438983 -0.562375332 -0.085554826 -0.48030272 -0.3807650126 -0.76115592
1076 1076 -0.006243111 0.560280304 -0.314235804 0.115339781 -0.6628653711 -0.08664151 0.090648715 -0.154139665 -0.448213939 0.550291231 0.2116423792 0.0524620831 -0.054719079 -0.266925765 -1.15100934 0.4529990271 -0.98062369
1080 1080 -0.459001919 0.63191791 -0.333125792 -0.013224398 -0.6723788875 0.375337549 0.274578876 0.345775452 -0.118907052 -0.011062905 0.2195857004 -0.1615333009 0.06939929 -0.29361097 -0.22951786 -0.1064239558 -0.3833712
1083 1083 0.035139784 -0.6000862 0.004162352 -0.066951906 0.0696574891 0.386029421 0.112717463 -0.503471467 0.235337221 0.546861933 0.5294557222 0.2505867067 -0.304443653 0.090880761 -0.65587636 0.4858208911 -0.84637128
1085 1085 -0.567153539 0.585410306 0.10678445 0.127264783 -0.1700921828 -0.285549753 0.089038511 0.68740506 0.216988392 0.147753244 0.3742380893 0.200300601 -0.05901231 0.045335435 0.1776172 0.0024965683 0.42269908
1087 1087 0.803602014 -0.385905701 0.147352937 0.081918967 0.6194396908 0.113049171 0.042932637 -0.405163218 0.015079637 -0.044761526 0.126229025 0.1117800395 0.098438989 -0.412482241 -1.37944704 -0.0002903872 -1.09140303
1088 1088 0.638142026 -1.052445621 -0.36141268 -0.127231586 -0.3027106539 -0.246212166 -0.279162347 -0.995740718 -0.514024633 0.201625102 -0.2173042012 -0.0274066124 0.158723647 0.027876597 1.24405248 0.2099194113 1.00722682
1094 1094 -0.312201062 0.123867038 0.369853245 0.208988103 0.3517883182 0.036963083 -0.002566925 0.77371906 -0.036198768 0.579066603 0.6347571469 -0.0819587761 0.063368627 0.200008133 -1.178389 0.3346090737 -0.56239972
2010 2010 0.202320554 -1.147905663 0.04232669 -0.118042362 0.5197229155 0.001989345 0.064244595 -0.595195077 -0.006578796 -0.575576894 -0.4431737891 -0.2970553297 -0.042704547 -0.129166745 0.803263 -0.5372245652 1.01119461
2012 2012 -0.640565448 1.297345363 0.435825672 0.040637743 -0.4880891145 -0.321385183 -0.187296018 -0.39113338 0.271985008 0.355988042 -0.2395489863 -0.3379737754 0.034051641 -0.246965945 0.73858768 -0.1104246363 0.84436364
2029 2029 -0.028217566 0.423487379 0.005870156 -0.021801921 -0.3011392942 0.21458778 0.276280025 -0.514222612 0.076103156 -0.373643965 -0.3345831119 0.046554296 -0.243031619 -0.045050858 -1.36085983 -0.3211639276 -1.17297923
2030 2030 0.564280202 0.237674722 0.172614678 -0.021205509 0.0928811349 -0.411276505 0.104177007 -0.135797946 0.008356755 -0.15296787 0.1976382816 -0.1155660981 0.274015712 -0.132544532 0.30243987 0.0696321146 0.33478296
2034 2034 -0.63128228 -0.932833064 -0.299681125 0.289826736 -0.7650376238 -0.234047821 0.07091466 0.754910473 0.123207582 0.375537986 0.1627534803 -0.0207523699 0.015479181 0.002638021 -1.88988187 0.2812835176 -1.7471398
2036 2036 -0.22033989 -1.246778517 -0.809022935 -0.16080238 -0.1866076974 -0.005032587 -0.13185641 -0.63214773 -0.028089733 -0.161022717 -0.3272885948 -0.0906621735 -0.115502973 -0.057805515 1.31143719 -0.1943807638 1.22802636
2040 2040 0.735715708 0.249938814 -0.183981678 -0.392678749 0.7574846798 -0.171316892 0.264685293 0.278104458 -0.289794156 -0.023910228 -0.0006231311 0.179118035 -0.013481438 0.241845652 1.98178886 -0.1493907752 1.54393929
2042 2042 NA NA NA NA NA NA NA NA NA NA NA NA NA NA NA NA NA
2044 2044 NA NA NA NA NA NA NA NA NA NA NA NA NA NA NA NA NA
2045 2045 0.733896318 1.249930749 -0.04958866 0.234270606 0.1540347493 -0.336725914 -0.080068619 -0.546113071 0.209143222 -0.78004617 -0.8319648703 0.1998216375 -0.845826668 -0.146671542 0.65639879 -0.6759239849 0.48807323
2047 2047 -0.050385938 0.575244796 0.208254512 -0.042329486 0.2111486192 0.276464394 -0.113469688 -0.237373383 -0.141684799 0.253969734 0.1938641156 -0.2546543779 0.064131599 -0.200578013 0.61249245 0.0677044807 0.55178326
2052 2052 0.144359477 -0.479365361 0.027724168 -0.168680385 0.2993732468 -0.041440883 -0.104305911 0.006403122 -0.358628569 -0.080032876 -0.1120034199 0.2285832869 0.008419321 0.115377571 0.88366149 -0.1471196763 0.78372447
2054 2054 -0.163277254 0.462732285 0.234296878 0.104903148 -0.1319602329 0.1162065 -0.045075284 -0.142997581 -0.021844612 -0.402184567 -0.0855613401 -0.0882940304 0.310063068 0.129195864 -0.07847119 -0.3379242404 -0.05931465
2062 2062 0.013081611 -0.727344905 -0.202917269 0.205271697 0.1823457842 0.192544683 0.127419643 -0.093055122 -0.201849394 0.367862424 0.1597143622 0.0497714289 0.029077253 -0.129260532 -1.78867011 0.0334561438 -1.57138874
2067 2067 NA NA NA NA NA NA NA NA NA NA NA NA NA NA NA NA NA
2072 2072 0.157048323 1.030361192 0.031427029 0.182056737 0.2768836721 0.121632183 -0.010284263 -0.478463204 0.111706035 -0.007757368 -0.2347367402 -0.1004677568 -0.062499226 0.124039766 0.827857 0.274687149 0.54926042
2075 2075 NA NA NA NA NA NA NA NA NA NA NA NA NA NA NA NA NA
2078 2078 -0.414104461 0.803611546 0.033908531 -0.012425822 -0.1705484796 0.01246065 0.215615788 -0.249360419 0.135552839 -0.185673207 -0.1064311298 -0.2022106285 -0.167572404 0.325083406 -0.30637212 -0.2335459961 -0.3872819
2086 2086 -0.38779382 -1.224042039 0.084127478 0.354861767 0.4225441357 0.356479626 -0.15987374 0.190827577 0.334692733 -0.592670822 -0.4574276462 -0.2225283337 -0.164624684 -0.43683173 -1.8955257 -0.4194949632 -1.66398407
2087 2087 -0.344423959 -0.92402195 0.122772736 -0.045936331 -0.5398467088 -0.264215128 0.05334219 0.304516445 0.126891184 0.512313426 0.2648659511 0.2629706615 -0.133898745 0.308101119 0.7483865 0.2221624122 0.76815986
2090 2090 0.517177611 -0.564798777 -0.548577893 -0.118648125 0.2959477357 -0.294376006 -0.336827498 -0.266079925 0.250885284 -0.00444853 -0.0297096353 -0.3345669574 -0.506376611 -0.081222956 0.61916921 -0.2173224969 0.66227055
2133 2133 0.389721122 -1.384465476 0.202670751 -0.153333651 0.168082767 -0.448289169 -0.393850004 0.254075734 -0.131882475 0.435604044 0.7931761465 0.0501095889 0.502125361 -0.194709846 0.65152451 0.2591684239 0.84475809
2140 2140 NA NA NA NA NA NA NA NA NA NA NA NA NA NA NA NA NA
2144 2144 NA NA NA NA NA NA NA NA NA NA NA NA NA NA NA NA NA
2145 2145 -0.031898849 -1.094563335 0.021208594 -0.115655977 -0.0029695297 0.003776614 0.125242004 -0.066546414 0.121106803 0.204282819 0.328029325 -0.0718645526 0.359040261 -0.375457522 -0.94745319 -0.0775515344 -1.01423513
2148 2148 NA NA NA NA NA NA NA NA NA NA NA NA NA NA NA NA NA
2166 2166 NA NA NA NA NA NA NA NA NA NA NA NA NA NA NA NA NA
2197 2197 -0.108365997 0.766709091 -0.194516328 -0.319568608 0.0338747279 0.324447352 -0.6973718 -0.18680788 -0.329856224 0.639163883 0.5993118108 -0.4115849026 -0.04715287 0.107263134 1.83285978 0.3549142581 1.65887356
2203 2203 0.146116719 1.128420305 -0.007615151 0.156492812 -0.1965898921 0.273653218 -0.246192879 -0.008498742 0.253463143 0.310526794 0.6286061644 -0.0565771084 0.054347917 0.166957493 -0.47468358 0.316783298 -0.34622344
2222 2222 0.38222617 0.634056374 0.258200639 0.285980044 0.5102294363 0.146173601 -0.092360529 0.072256231 -0.128881894 -0.041032713 0.0537714675 -0.1225742462 -0.050845027 -0.275865207 -0.77069844 0.2657871595 -1.00950715
2231 2231 -0.11576394 -0.903421187 -0.222028764 -0.031769598 0.1704450025 0.261343227 -0.184459483 -0.708912977 -0.021965498 0.088835915 0.4787913812 0.2895402529 0.181404507 -0.094433884 -0.83583034 0.2247748011 -0.76704387
2233 2233 0.01801725 -0.774296608 0.253803591 0.077419701 0.3640960312 -0.265476867 0.335740217 -0.116145285 -0.074810678 -0.451965491 -0.3998108038 0.0610580757 0.086916508 -0.082129559 0.74057464 -0.4096632499 0.63578446
2257 2257 0.085361565 0.709674354 0.101705839 -0.002708787 0.3300544215 0.790295617 0.238922433 -0.246088752 0.489458847 0.354390176 0.3557133188 0.0082458974 0.44931558 0.408787215 -1.18241362 0.262050961 -1.05397748
2261 2261 0.49285324 -1.608593487 -0.192762819 0.044618137 0.186711431 0.023194121 -0.297784708 -0.80486129 -0.031369491 0.486623901 0.253430629 -0.3712473967 0.277565866 0.295457363 -0.48050745 0.0818126489 -0.53972964
2264 2264 0.073665601 0.593492034 -0.070729101 0.142073318 -0.0538848834 -0.184859175 -0.063770801 0.235858724 -0.731556522 -1.00576277 -0.9518291291 0.0183718337 -0.106144048 -0.195612626 -0.45671614 -0.6147064922 -0.43987727
2265 2265 NA NA NA NA NA NA NA NA NA NA NA NA NA NA NA NA NA
2281 2281 0.582862807 -0.919556775 0.314202082 -0.137975501 0.0439967598 -0.206656773 0.33864198 -0.016294492 -0.408451572 0.222917433 -0.1331984222 -0.1415594249 0.106827062 0.332294128 1.64632404 0.0261340261 1.44630543
2305 2305 -0.169820646 0.704147783 -0.47666652 0.08621427 -0.9699950515 -0.089614675 -0.162477936 -1.370370254 -0.048687137 0.005409987 0.2902617162 0.0728479664 0.004539084 -0.030643096 -0.80424384 0.1078243125 -0.65707749
2311 2311 0.172229058 0.468721908 -0.074794334 -0.133028931 0.1026719093 -0.054601003 -0.032202702 -0.400097351 -0.305204635 -0.521562387 -0.5217752297 -0.2440085443 0.40522292 0.063442726 -1.17117254 -0.0494169654 -1.29321537
2322 2322 -0.212089546 0.199273496 0.262171877 -0.008672674 0.0560528581 -0.127596876 0.239290102 1.022223418 -0.067946361 0.145382079 0.1465605645 0.0388974895 0.089417505 0.091806708 -0.3149081 -0.1391518698 -0.34263817
2330 2330 0.446065414 -0.742753731 -0.164557017 -0.089452767 0.1816291599 -0.182088491 -0.383793036 -1.136089647 0.110119601 -1.191205346 -0.9876002842 0.2829269893 -0.237048535 0.245025528 1.24364319 -0.4859690465 1.33444375
2345 2345 0.305384951 0.529078543 -0.092864123 -0.204032074 0.682860423 -0.1603673 -0.035293708 0.427714631 -0.237901092 -0.08397469 0.1705617998 -0.2258288552 0.085663476 0.154432086 1.70124007 0.1770793976 1.42759231
2348 2348 0.350435662 -0.439027958 0.705152234 0.16860777 0.2676217683 0.426549614 -0.074762034 -0.090681432 0.068055869 -0.103006455 -0.2483533896 -0.0937452481 0.206777665 0.038827116 -0.24737371 -0.2936738613 0.03233055
2367 2367 0.163447169 -0.589210898 -0.087361346 0.149301865 0.2739672589 0.240651735 0.529551509 0.918232554 -0.145695114 -0.150638187 -0.5614289606 -0.0457059513 -0.321573174 -0.005904279 0.22775579 -0.1378694862 0.14682306
2368 2368 -0.601347288 -0.622298221 -0.050915042 -0.366797885 -0.5503319742 -0.200572402 0.253216078 0.428951322 -0.058089484 0.370362386 0.15225911 0.0526486241 -0.010768033 0.316343174 2.29808017 0.4466845607 2.28360667
2379 2379 0.165479593 0.752199751 -0.272580868 -0.048060307 -0.2060439975 -0.525415135 0.638008931 -0.097304931 0.04148935 0.230703624 -0.1207568993 0.402032994 -0.436168378 0.100425149 1.08121701 0.0342771663 1.00404172
2390 2390 0.230516596 1.043717794 0.364667818 0.144109319 -0.019226791 -0.291453626 -0.081782044 -0.074765935 -0.183691185 0.118289781 0.1855205875 -0.1113363316 0.056399481 0.081182904 -0.62819109 0.269333528 -0.42196683
2437 2437 0.082469334 0.512700964 -0.308368281 -0.069653278 0.0782760227 0.395853359 0.447417213 0.200340302 -0.253866176 -0.909290063 -0.1796325777 0.1942566743 0.386507647 -0.030537565 -1.25565207 0.1718870764 -1.28193594
2439 2439 0.233608074 1.34812796 0.145393499 0.17828367 -0.1214612348 0.129254347 -0.077575034 0.355789093 0.014122412 -0.080207556 -0.1258598186 0.1037906866 -0.132258499 -0.146014704 -1.1162856 -0.0336069104 -0.7046807
2476 2476 -0.344542647 -1.089731688 -0.150876949 -0.027037242 -0.0383752624 0.330537931 0.133780609 -0.246733445 -0.021576337 0.447302039 0.3038897514 -0.1502811028 -0.160197775 -0.005772993 -0.02137921 0.2802459206 -0.14930361
2493 2493 -0.035539732 0.374507957 -0.594833351 -0.322521653 0.0433235953 0.133369387 0.185146385 -0.067092458 0.156165313 -0.846287918 -0.5735377204 0.1411844439 -0.001990569 -0.077159042 0.92630039 -0.6769946116 1.04893591
2506 2506 -0.231640733 -1.12846317 -0.058061929 0.127401747 0.1935323395 0.100172888 0.240677118 0.553722498 -0.074190195 0.153403557 0.5010070736 0.0171531095 0.396000187 0.040634418 -1.52424374 0.1836627455 -1.23042021
2507 2507 -0.018735684 0.392888822 0.073735856 0.078631537 -0.1612447531 0.575485118 -0.147653784 0.105677933 0.182057201 0.586373717 0.6174244505 -0.1584590812 0.452023367 0.175517213 -0.48235019 0.6540001011 -1.05531662
2510 2510 -0.90239942 1.154670635 -0.047556979 -0.253035999 -0.304721886 -0.005985925 0.314987603 0.552164496 -0.228506195 0.083804963 0.2590582306 0.1902246455 -0.444344839 -0.022679744 -0.16018674 0.0162234616 -0.19201574
2511 2511 -0.019481031 0.171344541 -0.028360849 -0.025232127 0.0167191111 -0.135755905 -0.496560708 0.108855191 0.139978735 0.550164767 0.2268576755 -0.0864993061 -0.230799281 0.07452278 -1.18067428 0.4164192477 -0.89767101
2519 2519 -0.440659294 0.780120464 0.35684017 -0.027081445 -0.0743705731 -0.087582712 -0.246729764 0.303066507 0.157222244 0.046344955 0.2287408787 0.1067616899 -0.211833493 0.251665055 -0.26900015 0.2555422207 -0.57007473
2549 2549 0.240381393 -1.109231302 0.390459812 -0.414256189 0.2727360395 -0.461409954 -0.150391816 0.035837398 0.167793597 -0.146427619 -0.1888012977 -0.0977100733 0.273498067 0.364413882 2.08314936 0.100521348 1.98804081
2759 2759 -0.360085824 0.061463399 -0.141011637 -0.045526291 -0.6158314636 -0.004633809 -0.086107138 0.626938453 0.77560223 -0.514065415 -0.8367127585 0.2962904724 0.069338765 0.057203663 2.50453328 -0.7016210185 2.32852016
2767 2767 NA NA NA NA NA NA NA NA NA NA NA NA NA NA NA NA NA
