FAMID ID cg25259754 cg17134153 cg01045635 cg15602298 cg19602479 cg21721331 cg21473142 cg16523158 cg19954286 cg21794222 cg15222091 cg05094429 cg12816198 cg01527115 cg11944933 cg01383082 cg09528494 cg16429190 cg04986849 cg21497594 cg23507676 cg03002059 cg00288844 cg14348996 cg12749226 cg12655416 cg18711369 cg13200575 cg18691862
809 809 NA NA NA NA NA NA NA NA NA NA NA NA NA NA NA NA NA NA NA NA NA NA NA NA NA NA NA NA NA
810 810 NA NA NA NA NA NA NA NA NA NA NA NA NA NA NA NA NA NA NA NA NA NA NA NA NA NA NA NA NA
813 813 NA NA NA NA NA NA NA NA NA NA NA NA NA NA NA NA NA NA NA NA NA NA NA NA NA NA NA NA NA
814 814 NA NA NA NA NA NA NA NA NA NA NA NA NA NA NA NA NA NA NA NA NA NA NA NA NA NA NA NA NA
815 815 NA NA NA NA NA NA NA NA NA NA NA NA NA NA NA NA NA NA NA NA NA NA NA NA NA NA NA NA NA
826 826 -0.457524786 -0.6379098671 -1.078000032 -0.14636146 -1.447172727 -1.3006358 -0.050300984 0.304527725 0.615233239 0.180280485 0.0581951193 0.0049548743 0.542352109 -0.0009902454 -0.2065162526 -0.199618231 -0.141083455 -0.0910031557 -0.489661239 -0.670809355 -0.024488087 0.024689309 -0.0009430518 0.190640938 0.552874297 0.2278373 0.251131057 0.16685612 0.120144434
827 827 -0.026973527 -0.2411092419 0.099374257 -0.27012199 -0.312429821 0.04629826 0.00156251 -0.473288502 -0.214204984 0.325234697 -0.0498795075 -0.1358031644 0.011532652 0.225313684 0.1940549555 0.1635818775 -0.308421153 -0.5686929094 -0.178731777 -0.621933344 -0.002081761 -0.106997928 0.0194909552 0.363770969 -0.100658375 -0.0738263 -0.286998954 -0.05734837 0.058952691
829 829 NA NA NA NA NA NA NA NA NA NA NA NA NA NA NA NA NA NA NA NA NA NA NA NA NA NA NA NA NA
835 835 0.110985325 0.5069332993 0.644776328 0.67811003 1.397929969 1.28122009 -0.296874529 -0.432271815 -0.05855746 -0.085036764 -0.2884917552 -0.3295501733 -0.182290441 -0.3772986565 0.0576706634 -0.8148521756 -0.211065472 -0.0163048074 -0.008963396 0.270903216 0.010110906 0.062423105 0.2641976591 -0.412552642 -0.040615475 0.1828276 -0.063541852 -0.08831789 -0.28637493
838 838 0.213935395 0.4767775719 0.117848219 0.23912958 -0.323275618 0.02749478 0.285559032 0.073010222 0.044277986 -0.337820436 -0.1360603442 0.0677939816 -0.007309186 -0.1182258352 0.2383271873 0.0005181262 -0.085967209 0.5516069873 0.178775969 0.87731413 0.226686928 -0.001278909 -0.2782684487 -0.387633377 0.567977692 0.1283285 -0.004162198 0.05599021 -0.266513048
840 840 NA NA NA NA NA NA NA NA NA NA NA NA NA NA NA NA NA NA NA NA NA NA NA NA NA NA NA NA NA
841 841 0.168985424 0.0925399536 -0.060704053 -0.7114067 -0.478708986 0.4092462 0.295817342 0.127612263 -0.099885425 0.161022624 -0.0360270936 -0.0332460619 0.207589516 -0.1027457427 -0.6078173505 -0.7860444905 0.423707437 1.0487547912 0.132524631 0.337860495 0.09470904 -0.024460143 0.0892067449 0.15951806 -0.184401842 -0.2365724 -0.020665908 -0.06888838 -0.081150424
842 842 -0.092316293 -0.1038324195 -0.09293055 0.29960369 -0.319656042 -0.39242105 -0.372888231 0.365242126 0.303876841 0.239386634 0.2999149942 0.3353968439 0.003097284 0.2133251801 -0.0003804021 -0.0185617625 -0.304740642 -0.5324802708 0.287984161 -0.682312475 -0.189388862 -0.072180614 -0.0567396667 -0.155826526 -0.110726554 -0.08936107 -0.042348029 -0.18531281 -0.011568
844 844 NA NA NA NA NA NA NA NA NA NA NA NA NA NA NA NA NA NA NA NA NA NA NA NA NA NA NA NA NA
845 845 0.001693204 0.5590828053 0.758575888 0.90701149 0.629728198 0.72135841 -0.038445293 0.386201605 0.486917356 0.625839462 0.5640131634 0.0558185609 -0.168476844 0.1744032234 0.0450413108 0.074674909 -0.180466788 0.2937186466 -0.197067121 -0.066738068 0.033100288 0.045025459 0.1133155838 0.075557932 0.264404597 0.01695 0.216003162 0.62530028 0.281684853
854 854 0.15040777 0.6551707642 0.490758387 0.40285367 1.212178808 0.70365593 0.105260126 0.09609674 0.724799947 0.505825042 0.3757702598 0.7058654319 -0.238355282 -0.0359185896 -0.1546924111 0.4709626951 -0.118927502 0.023244174 0.481064068 -0.207176757 0.007912524 -0.055137259 -0.1583083312 0.354993808 -0.382859892 -0.2571456 -0.536552881 0.07299562 0.148669454
867 867 0.738784226 0.0095877412 0.332994958 0.47789422 1.046421918 0.78660592 0.293402351 -0.902617611 -0.725272008 -0.786771928 -0.5044046376 -0.4210898503 -0.520920633 0.0046722834 -0.1872995111 -0.2240007319 0.167369005 0.1251878228 0.133370873 0.422952669 0.085401998 0.192244175 0.0282936957 -0.378292628 0.012921079 0.09550808 -0.210313577 0.41310328 0.53108132
868 868 -0.259950492 0.0002796654 -0.13019076 -0.68216666 -0.238756186 0.39678876 0.033183816 0.589742403 0.628766498 1.056035482 0.6374831676 0.6313536686 -0.369309298 0.3071222468 -0.0683807762 0.1820805164 0.319665382 -0.4329986842 -0.168232498 -0.339182042 0.148873027 -0.065483705 0.1993382716 0.414978106 -0.80463181 -0.3154138 -0.327387444 -0.16659314 -0.444533272
878 878 0.414854418 0.7562139831 0.578477522 0.02627453 0.562389003 0.52190124 -0.245722978 0.369643996 0.494404336 0.547856043 0.4338983127 0.4071504104 -0.152882183 -0.1932605267 -0.1103534862 -0.0068621379 0.346910125 0.8107215468 0.341231693 0.939486168 0.22082053 0.019952662 0.1042972091 -0.175759951 0.600710848 0.3047672 -0.114522689 0.09820517 0.879255074
879 879 -0.739764099 -1.2333897658 -1.21516821 -0.51196338 -1.508421894 -1.33932852 0.157424984 -0.240876738 -0.935273122 -1.120056636 -0.8809454258 -0.88563191 -0.868785012 0.0880723203 0.7411238368 0.143814213 -0.114493409 -0.5450206938 -0.731686389 -0.421411273 -0.15332953 0.124630433 0.3275090808 0.145248209 -0.672442695 -0.1514691 -0.225830682 -0.55821519 0.198813785
882 882 -0.188823359 0.355980145 -0.581714834 -0.41898295 -0.899057387 -1.55868054 -0.063620002 0.006528694 -0.039705064 -0.073910572 -0.0005636904 -0.1522154124 0.340903346 0.1023560928 -0.2418213256 0.1821246428 -0.07854544 -0.0660029347 -0.478398149 -0.195250717 0.096295274 0.134667802 0.0003547614 -0.347725559 0.091764381 0.07000975 0.041148484 -0.22703688 -0.111275061
884 884 -0.097154921 0.1855832543 -0.418349972 -2.72749787 -0.469500928 -0.81098591 -0.194716201 0.383107707 0.23803975 0.404873787 0.4052871339 0.4052469524 -0.090456166 -0.4627931519 -0.305956658 -0.7479164542 0.453887756 0.8295489613 0.835482585 0.74242725 0.007396709 0.170308884 0.028837936 -0.256226749 0.694361428 0.4023583 0.35066993 0.12258374 -0.09468948
891 891 -0.399580233 -0.8817826705 -0.958596214 -0.44678519 -1.631112673 -1.29733558 -0.112405514 -0.355580307 -0.823025968 -0.917024796 -0.6121092337 0.2045130548 0.327790926 0.0461051568 -0.3913697715 -0.6384500272 0.112972821 0.0069261758 0.259404037 0.778753201 0.076102783 0.138522874 -0.0546765934 0.539297567 -0.162576347 -0.1147458 -0.215070883 -0.99986016 -0.652087419
892 892 0.251048425 0.4215015444 0.79502191 1.14753044 1.094760556 1.17614077 0.066009497 -0.122818547 0.008857675 -0.386348033 -0.2133680789 -0.0901609577 0.432773054 0.199372867 0.0303877805 0.4488499827 -0.031416637 -0.1510328428 -0.1057861 -0.571382261 -0.22900151 -0.138903213 0.2315439461 0.334821488 -0.193196793 -0.04090874 0.037507781 -0.6018458 -0.500171824
893 893 -0.130464811 0.0927628193 0.050384385 0.54773567 0.133340285 0.42051621 0.09403592 0.052500271 -0.347383717 -0.952262705 -0.4131270964 -0.4316293114 0.309194812 -0.005845261 -0.6563018152 -0.2545741035 0.003226498 0.129636971 -0.126946044 0.233886931 -0.14736008 -0.094602286 -0.2068361299 0.515096546 -0.094104899 -0.1752265 -0.237402458 0.06197597 -0.010436034
896 896 NA NA NA NA NA NA NA NA NA NA NA NA NA NA NA NA NA NA NA NA NA NA NA NA NA NA NA NA NA
898 898 -0.032948207 -0.0937729993 -0.583797062 0.64790394 -0.124015384 -0.39763828 0.065761902 -0.276111388 0.217314771 0.330711935 0.3263006825 0.5192784811 0.302657677 -0.5605262418 -0.5349170132 -0.2779691331 0.096354949 0.2004297126 -0.257746188 0.497518617 0.203263157 0.261996355 0.1604987281 0.079974575 0.029326565 0.08982791 -0.175575083 -0.10750516 -0.312547095
905 905 -0.02146535 0.1344480934 0.463003943 0.51510669 0.608741389 0.7701612 0.10319535 0.101604836 0.268732549 0.348675768 0.3130405129 0.4165375102 0.326263703 0.0851835307 0.3485764204 0.3002962904 0.013119649 -0.0516857277 0.228482841 -0.457326535 0.036409309 -0.141587978 -0.4475292551 0.520897949 -0.61595386 -0.2328417 -0.119672805 -0.37775103 -0.634926259
912 912 0.520925772 0.1708272548 0.917561107 0.57154179 1.338207252 1.89118245 -0.235243183 -0.184999613 0.207464016 0.333172111 0.238435074 0.0549207077 0.486468937 -0.6374608762 0.133380175 -0.3943859561 0.224731293 -0.0071251706 0.417737665 -0.272372813 -0.023414353 0.046585737 0.0352205157 0.387194089 -0.519446829 -0.2209997 -0.262714978 -0.49440391 -0.025110838
915 915 -0.002464477 -0.0026529803 0.3010106 0.71997098 0.302912307 0.21090911 0.059804017 -0.333038831 -0.386618406 0.069899113 0.0206139236 -0.0482295116 0.409619279 -0.0868017849 0.5288674287 0.1016252126 -0.473451748 -0.0272660294 -0.456564784 -0.422054019 -0.061480749 -0.140122464 -0.1476330985 -0.293042273 0.030082405 0.09568241 0.1343894 -0.04639868 -0.27351599
923 923 -0.206069986 -0.7636156136 -0.326193031 -0.78490002 -1.604175504 -1.28821524 -0.16628753 0.585711094 0.134223298 0.324775114 0.3473809631 0.0198117077 0.089749046 0.3673263645 -0.0007595264 -0.0085502399 0.061823733 0.1020679346 0.341249388 0.348743291 0.049130765 0.005000929 -0.2938345154 -0.285516957 0.183711875 0.02592456 0.219575531 0.20240816 0.179048357
926 926 -0.101184007 -0.1407338699 -0.184855257 -0.15490259 0.125405653 0.70243986 -0.232857076 -0.104482818 -0.531685225 -0.249396231 -0.2289466901 -0.316800589 -0.382430397 0.4312205717 0.3403377423 0.2607397991 -0.087026419 -0.5706412351 -0.006361229 -0.391832043 -0.019061097 -0.079647534 0.2399500119 0.083009035 0.131548647 0.1855636 0.15910725 0.43412095 0.323408642
929 929 0.195651095 -0.251614782 0.489510028 0.06656466 0.018462879 0.13483314 -0.186244821 -0.646457563 -0.57840199 0.050504803 -0.1653500639 -0.1493853274 -0.124024371 0.1420140527 0.6844649214 -0.2497516811 -0.082100581 -0.5933440521 -0.514576674 -0.293981423 0.034577442 -0.214432258 0.1036430999 -0.35443722 -0.023942456 0.07932625 0.099581499 0.12483735 0.055659159
930 930 -0.446271098 -0.4117682528 -0.973123625 -0.35028717 -1.503052186 -1.07334716 0.266156837 -0.190940117 -0.011909777 -0.739900058 -0.4667296989 -0.6074186588 -0.053693539 -0.2862883665 0.3448261101 0.7711397565 0.201171057 0.1883414471 -0.010403956 0.576830398 -0.082318689 -0.051054455 0.3975620647 0.137386925 -1.018825614 -0.279045 0.187714913 -1.02964613 -0.403293339
932 932 -0.097136961 -0.8955564527 -0.727995941 -0.27166281 -1.098104019 -0.406974 0.10434089 0.57797937 -0.327121076 -0.30031272 -0.3446732013 -0.3491374233 -0.197662967 -0.3399702014 -0.6398913937 -0.5726591355 0.099708496 0.3532031369 0.113107868 0.244350533 0.391931123 0.033273654 -0.1834563193 0.06843057 -0.626725486 -0.07500276 0.089422009 0.06086723 -0.179273305
934 934 NA NA NA NA NA NA NA NA NA NA NA NA NA NA NA NA NA NA NA NA NA NA NA NA NA NA NA NA NA
935 935 NA NA NA NA NA NA NA NA NA NA NA NA NA NA NA NA NA NA NA NA NA NA NA NA NA NA NA NA NA
937 937 -0.087181619 -1.1662725903 -0.471861989 0.19508511 0.001089655 -0.19785033 0.147069618 -0.106382418 -0.301360831 -0.594826395 -0.3841285804 -0.1840774848 -1.113655169 -0.0491243414 0.1002526247 0.5960622559 -0.301664272 -0.6491769377 -0.505167875 -0.110214094 -0.240797078 0.03362706 0.0218514944 -0.175988525 0.537326297 -0.03946503 0.011882515 0.66981699 1.034199277
938 938 0.034546081 0.2238713625 0.42932792 0.16395843 1.078732807 1.03430335 -0.229663423 -0.113589928 0.063776982 0.186210059 -0.0101230976 -0.1056280969 -0.157401125 0.3149948302 0.2130851817 0.1996629182 0.018894021 -0.3557777057 0.301272684 0.054686504 -0.009530527 -0.18822951 0.017545679 0.141915285 -0.086205902 -0.008769811 -0.049052547 0.25569113 -0.330807187
944 944 -0.054791521 0.2231294412 0.077420985 0.35586423 -0.276862332 -0.11724145 -0.041979872 -0.603394626 0.088010919 -0.118929856 -0.3560480864 -0.1241347864 0.714879276 -0.1459774551 -0.2941496665 -0.1586424585 0.116409464 0.4356523477 0.247307831 0.483128191 0.008738792 0.04326214 -0.056427841 -0.30571729 0.220957814 0.0005004906 -0.345703975 -0.27174154 -0.379922841
945 945 NA NA NA NA NA NA NA NA NA NA NA NA NA NA NA NA NA NA NA NA NA NA NA NA NA NA NA NA NA
946 946 0.165022457 0.9444060177 0.663183455 0.50506371 0.622830427 0.20162445 -0.131859874 -0.061897821 0.172606084 0.053836896 0.2551825825 -0.5410988533 0.512934413 0.3674551869 0.2168911421 0.2839505138 -0.028651343 -0.0614699136 0.077676294 -0.124114188 -0.031491313 0.065755254 0.1786969763 0.136821891 0.064984742 0.03231896 -0.230212107 0.08287774 -0.164028085
948 948 0.304133419 -0.3424929723 -0.027505284 -0.28853964 0.108903119 0.06007514 0.035507421 -0.171201234 -0.386832509 -0.171091505 -0.2318636935 -1.376673642 1.038705643 -0.1037345607 -0.2427518794 -0.0069800617 0.345002821 0.441922885 0.428499213 0.313645096 -0.00904762 0.313967622 0.1649754631 0.231311676 0.16251783 0.1364946 0.210204446 -0.29272693 0.370324521
954 954 0.298253613 1.1661760505 0.877535163 0.62424737 1.313425172 0.4551601 0.319669791 0.39587849 0.075596399 -0.399655646 0.0112388968 0.3569607631 -0.898005084 -0.1069692767 -0.5647172232 -0.2322190101 0.349758972 0.7592344046 0.614918741 0.462375975 0.097067654 0.114164987 -0.0267921917 -0.124107424 -0.031704949 -0.2183663 -0.142810328 -0.15902209 0.455645381
957 957 -0.201353499 -0.2621332425 -0.273834592 -0.48092534 -1.022721203 -1.46723811 -0.180195893 0.429793384 0.575756978 0.875016093 0.5518654377 0.7369848171 -0.216341603 0.2810257619 -0.5895761172 -0.0717838094 0.188416254 0.5063331384 0.202593371 -0.482745898 0.016775524 0.12707638 -0.0402743748 0.254686833 -0.406498698 -0.12794 0.03294288 -0.0900971 -0.560920996
962 962 -0.012082184 -0.2006425687 -0.111588453 -0.10551527 0.140955884 0.03842443 0.499854654 0.228009313 0.02972431 -0.386719401 0.0224252891 -0.1382477068 0.490786587 0.0021171021 -0.1749329778 0.3130385561 0.017500612 0.3390043405 -0.292005934 0.140725115 -0.027227759 0.130860825 0.0744709968 -0.161711324 -0.091323912 0.1896889 -0.709682661 -0.90448604 -0.545360517
965 965 0.067916494 0.3428210187 0.575900164 0.12907415 1.755807382 1.16454466 -0.384441642 0.088156352 -0.217771686 0.509567884 0.2851325865 0.352609802 0.332039074 0.3341399012 0.5042941767 0.0604382647 -0.121487749 -0.8667827907 0.10734196 -0.369687654 -0.048668951 -0.222462415 0.1337426422 0.308452663 0.06680101 0.02405463 0.1523426 0.55303499 0.422343937
967 967 -0.021542424 -0.1676662768 0.070521387 0.56747725 0.004951287 -0.35828114 0.125936645 -0.086640849 0.090461427 0.303404539 0.1836168546 0.3124583709 0.116324611 0.1015765153 -0.021792187 0.4709819049 -0.169805664 -0.1080603412 -0.139940076 -0.194666673 0.209517608 -0.158833768 -0.3875963171 -0.359439797 0.053298567 0.1836374 0.128057298 -0.07427967 -0.145724064
969 969 0.118001674 -0.1826509988 -0.262002762 -0.14942796 -0.659713128 -0.66795614 -0.024218448 0.36436793 0.208952446 0.447896095 0.3109843734 0.1768370443 0.090897004 -0.3770636178 -0.663656737 -0.9712713707 0.204858272 0.4439519837 0.294867692 0.158835467 -0.099197134 0.488044768 -0.1321514642 0.265595952 -0.625075252 -0.3828539 -0.147924974 -0.86622884 -0.38733257
973 973 0.192433788 0.0011498057 0.481312544 0.48280033 0.905914209 0.98643669 -0.340625524 -0.460582296 -0.944830106 -0.616693106 -0.413473372 -0.3909752685 0.290109265 0.1266940195 0.1167246628 -0.2848696536 -0.206658693 -0.1521976722 0.433763663 0.483065638 -0.020849249 -0.162413612 0.0097617665 0.254832221 -0.612659322 3.534198e-05 -0.017091162 0.14730736 -0.067472338
974 974 0.224517299 -0.4302263243 -0.347820825 -0.67402996 -0.291863688 -0.63654885 -0.06545377 0.247952603 -0.09316559 -0.24642074 -0.1253143499 -0.0528055614 -0.480106985 0.0918206397 0.2928714908 0.669421782 0.095637603 -0.0341237644 -0.385596967 0.205769621 0.100889233 0.188450074 -0.0310414761 -0.184465051 0.697882503 0.3146614 0.214403743 -0.11905494 -0.184423235
975 975 0.137969874 0.4533662371 0.351396764 0.25332891 0.604604805 0.56409996 -0.311843605 0.671205411 1.089926858 0.876948946 0.6875495309 0.9252947556 0.240714836 0.0969815511 -0.0833514251 0.0698215282 0.170385289 -0.0006018283 0.489979389 0.495633184 -0.125096834 -0.011218872 0.0886646256 -0.142479023 0.026113591 0.1132598 0.224126436 0.4706174 0.467404022
978 978 0.166833313 1.6892850107 1.065054147 0.80249636 1.758199717 2.0339099 -0.091170591 0.445480368 0.679626037 0.724911928 0.7288789998 0.9391255621 -0.178138168 0.0374608468 0.008779385 -0.261971492 -0.0421054 -0.3352914882 -0.206435357 -0.597836321 -0.009880575 -0.57881888 -0.133843715 -0.072567987 -0.029434393 0.1775822 0.096047759 0.33166749 -0.228038029
980 980 -0.331576088 0.414032609 -0.105810698 0.55914148 -0.482058154 -0.79651591 0.049689336 -0.171869367 0.666931605 0.623004613 0.4423321667 0.3220460503 0.489799748 -0.0981162382 -0.1051663508 0.0354884118 0.104478584 0.3714819927 -0.503162429 -0.183554987 -0.28350034 -0.213531136 -0.0154981991 -0.607105807 1.284189274 0.1964071 -0.016244225 -0.1157791 0.403295863
992 992 -0.314868249 -0.491597455 -0.517368936 -0.52019299 -0.413576406 -0.87905154 0.2976726 -0.14789397 0.012503256 0.188015074 -0.0926196045 0.0216206101 -0.604789422 0.0691787451 0.0241407249 -0.4546336403 -0.137825234 -0.1874668392 -0.01026418 -0.182467439 -0.341374784 -0.364288483 0.1405279924 -0.250208984 0.177633079 0.02197644 0.264971399 0.82094406 0.648478486
995 995 -0.206325622 -1.0631202889 0.087568997 0.46149721 -0.515518736 -1.49168917 0.111258805 0.04021906 0.169712286 0.3229538 0.2056510103 0.2813622115 -0.921544292 -0.0715862475 -0.0044288477 -0.0749257214 -0.007945531 -0.5805517793 0.401067918 -0.224341746 -0.21844997 -0.152220156 0.0345348507 -0.475022691 0.349594563 0.0910216 0.332291849 0.33972599 0.507609142
996 996 0.22471967 0.4915048875 0.174775353 0.33421735 0.778523326 1.06193201 -0.108364747 0.494344132 0.464096208 0.586890408 0.4203637473 0.610007039 0.011437369 0.0393671944 0.1750845298 0.1600043441 -0.138388651 -0.0265612531 -0.544358267 0.336107163 0.079427444 -0.240913072 -0.2719240614 -0.015332811 0.442327088 0.232846 0.22461767 0.27847696 -0.155803533
1000 1000 0.173098929 -0.0394713548 0.347569286 0.49820902 0.606238681 0.61573993 -0.361409906 -0.195681425 0.266076544 0.129503147 0.2050164382 -0.1067180623 -0.234970409 -0.2104786041 -0.8509887129 -0.295798918 0.320225579 0.3102680063 0.233437775 0.5101715 0.102064821 -0.030422416 -0.487379854 0.329024916 0.085324059 -0.1841433 -0.186952904 0.31009783 -0.055533094
1003 1003 -0.012657778 -0.1778929729 -0.133920048 -0.76743896 0.025500447 0.02812504 -0.129410322 -0.072065507 -0.564939497 -0.002390906 -0.3224995261 -0.3253060879 0.756660846 -0.308576302 -0.1531521057 -0.2974397934 0.257595895 0.3406731394 0.009959658 0.524733383 -0.012792128 -0.001865016 0.1611343529 -0.443766166 0.26234263 0.2341701 0.081820239 -0.17102516 0.084294829
1005 1005 0.17099318 1.3945656096 0.749916905 0.9672985 1.080814834 0.76581276 -0.136173522 0.531412145 0.613749239 0.730089141 0.4697750144 0.2877549604 -0.105233387 -0.1264437097 -0.101719595 -0.283651999 -0.01814861 0.4607438686 0.435543553 0.020146531 0.00552975 0.022985079 -0.1863600106 0.164140539 -0.135872565 -0.2099437 -0.619613469 -0.10680163 -0.638022399
1008 1008 0.075996254 -0.3737358585 -0.288556422 -1.79741446 0.334784462 0.02932272 0.208018476 -0.391231196 -0.3790681 0.024273413 -0.0951439454 -0.2325005732 -0.06750088 -0.2047241143 0.1702126402 -0.2568260111 -0.206659406 -0.7694577241 -0.427521888 -0.686188803 -0.20642922 -0.188763276 0.3421120631 0.45506447 -0.11264255 0.03912415 -0.156444742 0.39226604 -0.534953719
1010 1010 0.281215768 0.3699921648 0.415449676 0.51385552 0.947986294 0.85773396 0.272776274 -0.371146888 -0.551740307 -0.145928398 -0.1763255421 0.1880418812 0.879348376 0.1616294862 -0.293851536 -0.012201693 -0.073649868 -0.5202841508 -0.187188195 -0.482948831 -0.028835312 0.130496777 0.4186753881 0.12646158 0.26129977 0.06237229 0.561372147 -0.04125428 0.185109557
1019 1019 -0.045135821 0.5602799268 0.172484175 0.35730429 -0.319238318 0.37198058 0.146186774 -0.269959217 0.153037545 -0.216316329 -0.28853782 -0.321934511 -0.123771618 -0.1203899509 0.3595371694 -0.0452453809 -0.149325035 0.1109162532 0.10443324 -0.034548897 0.06067785 0.036414218 -0.3656556547 -0.039860338 0.078282454 -0.4072015 0.528807556 0.21678883 0.62144506
1020 1020 -0.086456305 -0.5614711429 -0.872431519 -0.85583121 -1.524229353 -1.59848846 -0.209471574 -0.064952491 -0.313153194 -0.215662375 -0.2368496485 -0.2829168924 0.027564619 0.0300850567 0.0140883992 -0.0240115757 -0.123707505 0.1436793684 -0.285197623 -0.727279607 -0.273098302 -0.144269542 -0.1963579405 0.304263678 -0.480722163 -0.2138552 -0.046608183 -0.41889738 -0.576998419
1022 1022 -0.246948058 0.1427878681 0.248479577 -0.14743103 -0.128324669 0.35492906 -0.138198088 0.118053593 0.283890523 0.387143507 0.1365395045 0.4324088166 -0.003886985 -0.2501113993 -0.1468585365 -0.2556409997 0.108182892 0.6236306283 0.684220403 0.667399442 0.166806007 0.397431588 -0.3012577733 0.548298446 -0.737861525 -0.5077259 -0.599286862 -0.23319961 -0.540133168
1032 1032 -0.02429294 0.3175909709 0.142318486 0.34219131 0.384886277 0.08539663 0.117672138 0.213631499 0.489518494 0.130695833 0.3466173609 0.2676087193 -0.232295484 -0.065206036 -0.2848861907 0.0269775981 -0.031635205 -0.2060379332 -0.128218876 -0.355740802 0.021282415 -0.02255793 -0.0159364115 -0.002247968 0.376785339 0.2549028 0.160729078 0.01992801 -0.108481391
1037 1037 -0.248984823 -0.1887154008 -0.006513004 0.21080159 -0.221824564 0.27197142 0.016818881 -0.058959113 0.119555932 0.058389658 0.1210877572 -0.1575936495 0.423252295 0.2293783381 0.1864853557 -0.2259350915 -0.252219965 -0.4758314771 -0.196878454 -0.665457997 -0.165587701 -0.086026402 0.0175185865 0.107090554 0.338103741 0.1519358 0.223664332 0.77274839 0.261450157
1042 1042 NA NA NA NA NA NA NA NA NA NA NA NA NA NA NA NA NA NA NA NA NA NA NA NA NA NA NA NA NA
1050 1050 NA NA NA NA NA NA NA NA NA NA NA NA NA NA NA NA NA NA NA NA NA NA NA NA NA NA NA NA NA
1051 1051 NA NA NA NA NA NA NA NA NA NA NA NA NA NA NA NA NA NA NA NA NA NA NA NA NA NA NA NA NA
1054 1054 0.230250456 0.4251124374 0.304256988 0.51637641 0.821127214 0.16271625 -0.044836893 0.425699949 0.645376467 0.724866558 0.4064215521 0.498672086 -0.459498903 0.132882518 0.144003876 0.4127303638 -0.027436782 -0.4431396286 0.111439895 -0.074234568 0.00303314 0.096943808 0.0841574112 -0.30547519 0.693897854 -0.0395149 -0.091413258 0.60100709 0.631555576
1058 1058 -0.078725661 -0.2172935226 -0.346527364 -0.60590124 -1.343587569 -1.42401417 -0.261173081 0.526140687 0.547931208 0.58047192 0.5133596241 0.2051932992 1.375778469 0.1873542667 0.0115931959 0.2044107716 -0.152167576 -0.3863308968 0.326674653 0.252552658 -0.096159538 -0.143796932 -0.0684968775 -0.144437747 -0.058693713 0.1871627 -0.24600629 -0.108578 -0.2715732
1067 1067 NA NA NA NA NA NA NA NA NA NA NA NA NA NA NA NA NA NA NA NA NA NA NA NA NA NA NA NA NA
1070 1070 0.046994679 0.2448593511 -0.1773158 0.35891891 0.023775158 0.64972524 0.101936467 -0.249465211 0.019770871 -0.316770699 -0.0339126198 -0.3209664726 0.062481029 0.1676022008 0.1637038892 0.3627004389 -0.157110479 -0.2933203358 -0.730039014 -0.089462735 -0.211426217 0.062515083 0.0561470079 -0.566072687 0.699491269 0.5071775 0.040626192 0.23419765 -0.412574872
1072 1072 0.075134269 -0.0177284715 0.032807184 0.61140127 -0.005990913 0.65783498 0.189431029 -0.540541209 -0.156249914 -0.210538344 -0.0363587936 -0.3440489404 -0.014812523 0.1626031355 0.4269445857 0.7174784787 -0.156121317 0.0872970927 -0.412768123 -0.145533872 0.206703481 0.008528469 0.2204712413 -0.180911631 0.231295368 0.1722578 -0.003954772 0.19800477 0.734516462
1076 1076 0.297388561 0.2039008563 -0.033039698 0.75154008 0.291863505 -0.80432783 -0.236264203 -0.359322247 0.076066728 -0.639117195 -0.1567436545 0.2686905993 -0.58407015 0.255703216 0.5005863608 0.1574293864 -0.096782518 -0.4993482744 -0.525664734 -0.5249864 0.067968466 -0.002932403 0.1824352875 -0.425132689 0.08145859 0.2012993 0.146026048 -0.66918167 0.025769152
1080 1080 0.161143051 -0.3443764017 -0.127576416 -0.65748274 -0.233322347 -0.45940247 -0.16108637 -0.214389533 -0.012730507 0.015963301 0.015562719 -0.3545629498 0.272616494 -0.2733024715 0.3974203973 0.4208702337 -0.068737897 -0.0506661639 -0.867331305 -0.192839901 0.076601455 0.075839262 0.1646512134 -0.222980953 0.148872991 0.02232456 0.471765376 0.07193428 0.127463392
1083 1083 0.040337466 -0.7569799141 -0.812414381 -0.39999092 -1.504423654 -1.54268019 0.070020437 -0.271431817 -0.269390054 -0.287881773 -0.2249289956 -0.3021356385 -0.190476366 -0.0104649158 0.1347795464 0.1788328687 0.038460184 0.2391468082 -0.283874183 -0.111291436 0.012334966 0.15020028 -0.2173218664 0.195703971 0.26973671 -0.08146759 -0.042955917 0.02021203 -0.216926765
1085 1085 0.165521376 -0.023978071 0.48976505 0.02067588 1.226337629 1.08673742 0.141112053 0.103281401 0.269270092 0.064084094 0.0536954549 0.0006773443 -0.117637042 0.1036129766 -0.0903796219 0.0451336746 0.451247574 0.8149535802 0.32888446 0.759986179 0.066453643 0.024621083 -0.420622534 -0.063356036 0.115223353 -0.1327161 0.107041179 0.77673798 1.046048265
1087 1087 0.039278777 0.0088753139 0.258420765 -0.17694192 0.203680975 0.66746278 0.206755416 -0.002922608 0.189635788 0.206994033 0.1657293731 -0.0033489762 0.442353839 0.1561166013 0.3604081318 0.4814426478 0.056895446 -0.258563021 0.328340664 -0.873954948 -0.098894782 -0.266862384 -0.1150157436 0.336022604 -0.314456876 -0.1043269 0.101404719 -0.01323158 -0.13377861
1088 1088 -0.340937438 -0.4224123765 -0.33129223 -1.05837351 -1.503571184 -1.52461472 -0.183691052 -0.441816573 -0.028306611 -0.269949308 -0.2720585243 -0.2543900262 0.277068161 -0.1097655194 -0.2487136084 0.2669159133 0.102338988 0.5141407575 0.206694111 0.650760297 0.062945363 -0.083407324 -0.2381287865 -0.241462646 0.293775014 0.137134 0.051184243 0.10733573 -0.126033889
1094 1094 -0.414367642 -0.0647664217 -0.223346788 -0.60878802 0.034840305 -0.4941958 -0.137719574 0.231909162 -0.457704654 -0.412987262 -0.3513258707 -0.3110400018 -0.170051098 0.2029830102 -0.0863235625 -0.0547533849 -0.392418572 -0.9904206243 -0.13118764 -0.005922126 -0.127040951 -0.393375245 0.2997065052 -0.142142844 -0.065538044 -0.3130075 0.216411259 0.59115353 0.851210645
2010 2010 -0.021820893 -0.2315592854 -0.12026673 -0.26371212 0.24122772 -0.21821214 0.504679813 0.446602694 0.001007364 -0.342274871 -0.3408466995 -0.0640102885 -0.091460864 0.2868653142 -0.4940170271 0.0260250957 0.101141858 0.1729326242 0.188613596 0.19331402 0.213746385 0.146132833 -0.1961084491 0.035579158 -0.150247713 -0.1473348 -0.055380222 -0.32750907 -0.180381293
2012 2012 -0.057381588 -0.1504514728 -0.405080681 -0.20842805 -0.190542879 -0.16334178 0.349922749 0.089281173 -0.438690095 -0.196755477 -0.2459399461 -0.1311867851 -0.587551157 -0.4276311902 0.0378869892 -0.1565931423 0.204568022 -0.0112144494 -0.252491509 0.614194951 -0.10486335 -0.125998622 0.0667429031 -0.325685721 0.813287832 0.3172604 0.671577788 0.45097248 0.413470022
2029 2029 -0.149976803 -0.4349097173 -0.713708612 -0.52573671 -0.580467978 -0.29421599 0.053450642 0.153066403 -0.133704916 -0.58996304 -0.3120090801 -0.1942848218 -0.432107158 -0.0516757292 0.1182655338 0.1584245509 -0.550804581 -0.0819479853 -0.781386474 -0.596892873 -0.322659487 -0.193727751 0.0784811074 -0.341160708 -0.034258546 -0.2794475 0.014023841 -0.00597127 0.225994513
2030 2030 0.051131953 -0.4166598965 -0.308101672 -1.09400668 -1.391449505 -0.82884131 -0.001304038 0.23043959 0.32159221 0.678247714 0.4303176837 0.3849481317 -0.21829896 0.258875821 0.3793241826 -0.2080994938 0.311604467 0.0911075556 0.504854426 -0.177555277 -0.02405347 0.29816286 0.1754100622 0.371130437 0.017884025 -0.08423677 -0.230450098 -0.06078503 0.003188522
2034 2034 -0.639607094 -0.5143216 -1.496997305 -1.08246846 -1.949773451 -2.60218087 0.120440232 -0.334801713 0.110578574 -0.048517768 0.1463114694 0.0421722506 -0.135392687 -0.247234548 0.1675249869 0.0838503315 0.03304178 -0.8167967426 -0.213153778 0.07842355 0.018034097 -0.182490757 -0.0456872423 -0.27619603 0.073319836 0.004639125 0.122438787 0.50578881 0.462330352
2036 2036 0.431646975 0.5911537538 0.304855978 1.15322913 0.229175309 0.42855301 0.005597518 0.315690405 0.181799979 0.22215165 0.1959238612 0.3069319183 0.051979031 -0.1999720461 -0.1544626938 -0.290267918 -0.058401731 0.5140875877 0.122767947 0.047124748 0.182602855 -0.034595576 0.2900445365 -0.136483369 -0.024455043 0.1677761 0.282737533 -0.33002945 -0.21408785
2040 2040 -0.116211914 -0.4100259002 -0.376614555 -0.48368727 -0.250239709 -0.3737657 0.10579337 0.03748333 0.433445209 0.596077758 0.3417633535 0.3557039144 -0.462414988 0.2079995879 0.1526733314 -0.0132696256 0.236097414 0.3294553639 0.21635412 0.830698801 0.191622086 -0.097986124 -0.1330100709 0.095830102 -0.510549281 -0.2816713 -0.030929407 0.59076004 0.494057491
2042 2042 NA NA NA NA NA NA NA NA NA NA NA NA NA NA NA NA NA NA NA NA NA NA NA NA NA NA NA NA NA
2044 2044 0.287172628 0.299049598 0.264381108 0.85238121 0.896413993 0.90462412 0.232302479 -0.048166152 -0.34553738 -0.574630119 -0.4906224745 -0.2737626523 -0.276100939 -0.2076883283 0.1535974058 0.223003206 0.40504677 0.2087964392 0.060163797 -0.311591543 0.061161207 0.039005917 0.1151363558 0.215851835 -0.444025167 -0.1432268 -0.08510396 -0.02917557 0.082269614
2045 2045 -0.112538731 0.4072138647 0.886878099 1.05989829 0.678818247 1.05517095 -0.46327632 -0.095417843 0.671607491 0.58388209 0.6758478529 0.5728439814 -0.024484342 -0.1483841839 0.0596649485 -0.657021414 0.080158626 0.1984805655 -0.10745302 0.387417274 0.05507537 -0.096838234 -0.1153244831 0.734077289 -0.343471168 -0.04241164 -0.16747015 -0.73921654 -0.532996448
2047 2047 -0.25316909 0.1668581326 -0.184822347 -0.41530332 -0.138478764 0.08038897 -0.243731551 0.229368217 0.060572257 -0.139559082 -0.0808198827 -0.1300529299 -0.41600465 -0.1282780665 -0.0406706553 -0.1067470464 -0.151128479 0.3113669074 0.380302884 -0.243898684 0.173197387 -0.016187762 0.2698523874 0.095272456 0.02551767 0.1561589 0.017034147 -0.15369758 0.087825727
2052 2052 -0.010638839 0.2559978024 0.202043433 -0.13810502 0.249257051 0.14303515 0.205430462 0.010238591 -0.131564332 0.360369118 0.1845092654 -0.0277069931 -0.048255768 -0.2306410911 -0.1437763112 -0.6414911591 0.40618644 0.8458413052 0.418750263 0.792920964 0.184614388 0.120476574 0.2723774878 0.012819353 0.254310588 0.1961327 0.112185777 0.20623129 0.122029041
2054 2054 0.253041149 0.415517398 0.631255835 0.07362934 0.879530316 0.8800897 0.423961772 -0.336118505 0.318103497 0.151284715 0.0010484326 -0.0371160441 0.351363119 0.0461366047 -0.1098959065 0.3960772302 0.425259164 0.5629245696 0.011315226 0.636447302 -0.067571196 0.057526816 0.2290570979 -0.414556096 0.758359048 0.5736116 0.669595282 0.23962245 0.209617349
2062 2062 -0.242383414 -0.8957079383 -0.176587486 -0.0629173 -0.091607933 -0.28813167 -0.226420759 -0.178591221 -0.571552095 -0.285143679 -0.3199428297 -0.2816618548 0.290912758 0.5003053628 0.0223407453 -0.0271741734 -0.104213541 -0.2957277528 -0.370168734 -0.027214113 -0.148460653 -0.046560557 -0.1881766495 -0.213239725 -0.184022182 -0.03598982 0.120023737 0.41977847 -0.133333649
2067 2067 NA NA NA NA NA NA NA NA NA NA NA NA NA NA NA NA NA NA NA NA NA NA NA NA NA NA NA NA NA
2072 2072 -0.30398895 -0.294203697 -0.24983354 -0.4227159 -0.228599497 -0.56425358 -0.145904135 0.416892613 0.59609779 0.442982595 0.2800308823 -0.0274246334 0.188700916 -0.271178548 -0.5592465833 -0.2457148468 0.418985768 0.444249914 0.149349398 0.074278169 0.032518861 0.234667323 0.0858584762 0.05182221 -0.357496246 -0.1787771 0.104412912 -0.13521823 -0.083441974
2075 2075 NA NA NA NA NA NA NA NA NA NA NA NA NA NA NA NA NA NA NA NA NA NA NA NA NA NA NA NA NA
2078 2078 0.007407143 0.0865965036 -0.070387971 -0.1753777 -0.147474735 -0.17958288 0.013029771 0.085571337 0.090965127 0.010353857 0.01887299 0.0549269745 0.161098424 -0.017105933 -0.0179165791 0.1006133358 0.044424502 0.0921507972 0.042739421 -0.011170909 0.027204527 -0.012329456 -0.1019558094 0.005712401 0.075776788 0.04346742 -0.054765519 -0.19756569 -0.207237427
2086 2086 -0.111256457 -0.1511418127 0.136723933 0.14096554 0.614399517 0.89355066 -0.132539063 0.389415845 -0.179091725 0.156738307 -0.1685195996 0.3081715881 0.339807492 0.0978140592 -0.0263017366 0.5584317314 -0.197290018 -0.0350682506 0.103752665 -0.540532857 -0.03013762 -0.172373723 0.0766416571 0.197105421 0.004869933 -0.167664 -0.374810527 -0.29555493 -0.469914648
2087 2087 -0.148392595 -0.7300638898 -1.063844266 -1.54490248 -1.611571931 -1.52266871 0.111345565 -0.172225207 -0.518718802 -0.423625423 -0.2116647908 -0.3152080957 0.71222232 0.3675635296 -0.5152752995 -0.2780349204 -0.002690688 0.0426344082 0.118269415 0.322748489 0.02892887 -0.110741197 -0.1730974601 -0.221721292 0.141631705 0.108273 0.407295815 0.15658013 -0.151938723
2090 2090 -0.256327069 -0.2744846281 -0.513284215 -0.19236918 -0.458177821 -0.44962332 0.058622502 0.440502793 0.360909944 0.497537211 0.4770019816 0.4618991996 0.318908385 -0.392320912 -0.2379058283 -0.030149172 -0.222698162 -0.1866050687 0.500538722 -0.059752855 -0.02782107 0.191867246 0.1490594061 -0.186705752 -0.066448284 -0.05444337 0.445937996 0.33009764 0.487357141
2133 2133 -0.087165077 0.1709007717 -0.002438621 -0.51220846 -0.20579061 -0.07762766 0.418256194 -0.091854937 -0.273502111 -0.167732326 -0.164063643 0.0198996504 0.719935851 -0.1779752677 -0.1326228967 -0.3362596513 0.356746198 0.6031242495 -0.16118765 0.480260572 0.1633001 0.201989498 -0.0511368107 0.08871122 -0.297481805 0.2875951 0.039433661 -0.38259025 -0.734276779
2140 2140 NA NA NA NA NA NA NA NA NA NA NA NA NA NA NA NA NA NA NA NA NA NA NA NA NA NA NA NA NA
2144 2144 NA NA NA NA NA NA NA NA NA NA NA NA NA NA NA NA NA NA NA NA NA NA NA NA NA NA NA NA NA
2145 2145 0.185803904 -0.3428105123 -0.338863345 -0.43190418 -0.078667702 -0.17786012 -0.195692014 -0.288851867 -0.457367343 -0.218227054 -0.4829379713 -0.8524394322 -0.172882096 0.2394306026 0.2340573359 0.700937003 0.080614231 0.1245569224 -0.247066282 0.279452317 0.027462209 0.053392017 0.026240518 -0.077953004 0.348474281 0.0915401 -0.463877731 -0.28697067 0.162257672
2148 2148 NA NA NA NA NA NA NA NA NA NA NA NA NA NA NA NA NA NA NA NA NA NA NA NA NA NA NA NA NA
2166 2166 0.231247212 -0.2599831593 -0.647277733 -0.03903762 -0.846518493 -0.64985074 -0.022300913 0.127481498 -0.67912707 -1.050631653 -0.6856681998 -0.3806956125 -0.168147269 0.1502902919 0.1693488651 0.076242423 0.131686259 -0.2377644302 -0.035249701 0.067501679 -0.151954874 0.064244781 -0.4434827701 0.195791044 -0.441320892 -0.1856941 -0.586514655 -0.34555877 -0.230075623
2197 2197 0.073986686 0.108612614 0.020010329 0.08175635 0.053099468 -0.06457639 -0.036674889 0.010552357 -0.109242932 -0.151497931 -0.1014206275 0.1042719951 0.3509908 -0.0887295273 -0.0733631078 -0.1131373577 -0.014613516 0.0633778563 0.074668639 -0.182752043 0.023390092 0.060622309 -0.0989787824 0.131201904 -0.146387809 -0.04684999 0.136648372 -0.41527425 -0.274631116
2203 2203 -0.027639902 0.2174980298 -0.140572775 -0.30556425 -0.620723941 -0.26729738 -0.011718936 -0.220165056 0.119119505 0.373749779 0.2887356236 0.1903733694 -0.60003031 0.0469805074 0.374065328 0.0225808091 0.083691648 0.0231863016 0.148286641 0.089385858 -0.136896266 0.068440919 -0.1080610288 -0.017531756 -0.128625788 0.006159986 0.30292896 -0.07867569 0.015713186
2222 2222 -0.109876608 0.2404809414 0.059437407 0.25839661 0.487826302 -0.6082556 -0.276328531 0.08526438 0.151436985 -0.252697198 -0.1149548649 -0.5190021916 -0.414123135 -0.1670459738 -0.220941902 0.3868753882 -0.365178797 -0.2078153884 0.036671059 0.363634327 0.005194397 0.185635126 -0.0752394615 -0.020184239 -0.618689856 -0.1347696 -0.166327572 -0.15890175 -0.276074097
2231 2231 -0.140051933 -0.3788579804 -0.693208344 -1.33750571 -1.034825773 -1.4145377 0.135574074 -1.086847536 -0.430111297 -0.449560918 -0.318596064 -0.8937424952 0.427885068 -0.2811536748 0.0816935223 0.2851817649 -0.409171609 -0.0663801272 -0.572395734 0.226647889 -0.104913399 0.195104144 -0.4294545191 -0.075073097 -0.069883278 -0.02786893 0.030272934 -0.25183869 -0.315544075
2233 2233 0.119105483 -0.3017429056 0.443379075 0.62615414 1.084450749 1.32112036 -0.166308118 -0.439815891 -0.374094305 -1.206414441 -0.6227965063 -0.9406084453 0.628943595 0.1518881304 0.02741277 0.2449260222 0.039085086 0.4597460703 -0.020693241 -0.077339829 0.040984011 0.191131713 -0.2811530837 -0.265759672 0.049190329 -0.003174084 0.121462405 -0.14809567 -0.130633712
2257 2257 -0.348778006 -0.2561518692 -0.326976695 0.08828999 -0.138201478 0.12258245 0.086480962 -0.619331887 -0.988328205 -1.644099075 -0.9248460393 -1.0140932039 -1.088940529 -0.1316695975 -0.0793813733 0.5456455416 -0.168085082 -0.4330865651 -0.622060129 -0.276927577 -0.11088199 0.207559644 -0.0582627931 -0.099172251 0.16509891 0.2248534 0.110048964 0.12049891 0.013609837
2261 2261 -0.021624152 0.1678654864 0.58115364 0.13406435 0.777363115 0.67023904 -0.087113383 0.156177969 -0.076756547 -0.176674007 -0.1495531404 0.0212143907 0.03131362 -0.1788321323 -0.5909504173 -0.2041234563 -0.106036549 -0.3395870533 -0.124621174 0.109179779 -0.175466454 -0.176485005 0.4318768946 0.176396312 -0.702399736 -0.4645262 -0.309158574 0.31385652 -0.211730857
2264 2264 0.246387317 0.338155512 0.582491201 1.0747097 1.005401506 1.04974839 0.076245803 0.314606875 0.505233227 0.852790387 0.4655401048 0.1646473783 -0.398539713 0.1391308638 0.1049927918 0.4474437253 -0.234050558 -0.3671338146 -0.580762759 -0.304079513 -0.00856563 0.15365984 -0.2979142766 0.158501763 -0.10123123 0.002126785 -0.068015395 0.11894651 -0.116110695
2265 2265 -0.116795767 0.0690653376 -0.193590961 -1.09633486 -0.514118335 -0.7038439 0.081931557 0.143630992 0.152824061 0.204104345 0.1344635222 0.2189376286 0.163912461 -0.0147425338 0.0711018522 0.1846736735 0.173489603 -0.694274896 -0.504011309 0.02060055 0.028208313 -0.152489318 -0.0839839616 0.017814785 -0.054865357 0.0262673 -0.151602771 0.31793505 0.07646094
2281 2281 0.199822621 0.6536377791 0.054081196 0.77011957 0.158404181 0.2855845 -0.033322368 0.428752088 -0.286860483 0.030981602 -0.1257926361 0.2029553355 0.660588123 0.1224369737 0.0837028836 -0.2252962418 0.01883124 -0.0084105309 -0.429048427 -0.164296874 -0.084782689 0.045064248 -0.1395831601 0.583413827 -0.563759286 -0.4049954 -0.067472771 -0.29554601 -0.252232775
2305 2305 -0.032661791 0.524469303 0.250826152 0.10167168 0.453277728 0.71763049 0.461187175 -0.021370745 -0.309665517 0.194843435 0.1332186627 0.0262935748 -0.018022959 -0.0842606014 0.412010662 0.3253182296 -0.510527304 -0.3646178491 -0.068470703 0.063810361 0.136455331 0.066659704 -0.036536266 -0.056046876 0.354265653 0.06319083 0.052521631 0.01406074 0.097522628
2311 2311 -0.020964401 0.2154647828 0.21189628 -0.07487838 0.061271448 -0.16476449 -0.358080843 -0.251592781 -0.653628381 -0.857833232 -0.7190195572 -0.437710014 -0.606338431 0.1147006983 0.326437652 -0.004050912 -0.258611675 -0.2904080841 0.091772705 -0.2439847 0.100889104 0.084986081 0.1401640563 0.54988675 -0.637359415 -0.3900071 -0.246024748 -0.71980078 -0.61962838
2322 2322 0.203206341 0.5532535776 0.177980359 0.53444899 -0.203771858 0.08130605 -0.501167328 -0.458451815 -0.030952284 -0.201458752 -0.1531306699 -0.459016776 -0.607445309 0.2360331983 0.1205459927 -0.2633121614 -0.099521401 0.1654618258 0.011106671 -0.290745498 -0.077425209 0.070772782 0.0271019316 -0.124064469 -0.535196573 -0.9974313 0.225031509 0.38961973 0.730023465
2330 2330 0.25854826 0.5015566914 1.416658572 0.98023948 1.805404936 1.72697402 0.169407116 0.23110469 -0.012516032 -0.172367102 -0.2120175519 0.0698120807 0.289129608 -0.0872100366 -0.0329785685 0.1121673104 -0.191510159 -0.3292382081 0.482060007 -0.002384608 0.183270447 -0.104471398 -0.2902455746 -0.055900768 -0.655497558 -0.1706823 0.055498719 -0.4999747 -1.038845338
2345 2345 0.147707995 -0.057429298 0.451550782 0.32455327 -0.0716547 0.83769542 -0.482948355 0.34858134 0.429191358 0.575025116 0.3728902823 0.1164859569 -0.014671573 0.1888418603 0.3196703882 -0.4902870442 0.243815026 0.1676753341 0.41770826 0.050669458 0.094445433 0.285587668 0.0820060765 0.195996339 -0.671099581 -0.2156084 -0.832350869 0.33739278 0.345888244
2348 2348 -0.090828249 -0.3404018875 -0.159408433 1.16199149 0.61737365 0.66194564 0.188985235 -0.603746639 -1.427623163 -1.290294017 -0.8550132173 -0.1399799663 -0.683330208 -0.0006058492 0.2505196788 0.4186914706 -0.757114539 -0.5248327712 -0.605582382 -0.401195522 -0.193299274 -0.194203298 0.5564799458 -0.105068907 0.240279569 0.1095431 0.033328077 -0.41595236 0.244788562
2367 2367 -0.099991071 -0.4097004422 -0.262815246 0.5785794 -0.432879741 -0.48522447 -0.028839532 -0.745689394 -0.186651235 -0.072658462 -0.2072611894 -0.7370093956 0.259551636 0.1351359946 0.3890558662 -0.0299419259 -0.299928062 -0.0746689639 -0.591413451 -0.033752322 -0.059439081 -0.227233345 0.5258135957 -0.26633688 -0.346483616 -0.2054084 -0.128713087 0.16172797 -0.071521578
2368 2368 -0.026437904 -0.2865450995 -0.273915297 -0.06016963 -0.170466685 0.23788493 0.117516247 -0.099909196 -0.251102899 -0.587759063 -0.264666082 -0.055928606 -0.2376075 -0.3306988486 -0.3315025487 -0.6746622882 0.389343607 0.7665655169 0.361468574 0.510834321 0.131696489 0.055195697 0.2536745603 0.051052873 0.446371879 0.09194958 0.291903811 0.91694209 1.279486768
2379 2379 0.018555729 0.646110956 0.533152956 -0.49678431 -1.23054379 -0.9072812 0.057945031 0.457951173 0.938262477 1.135533494 0.7392879442 0.7774982813 0.085048071 0.0509016072 -0.0668656358 -0.7379796728 -0.204236621 0.1861044364 0.751311586 -0.123191593 0.076027169 0.158929306 0.0550275061 0.006149223 0.248540574 0.116596 -0.202229284 0.03050012 0.332957598
2390 2390 0.488021148 1.5720739478 0.642654604 1.00790869 0.714649742 1.035953 -0.06283097 0.424481747 -0.107934581 0.083708424 0.1560026881 0.1782574969 -0.293700699 0.0367705045 0.372087738 0.3675271586 0.099174864 -0.2699463528 0.587388875 0.020950603 0.032409252 -0.356802041 0.2529902108 -0.035334713 0.082751769 0.4589004 0.242406171 0.35956851 0.481878536
2437 2437 -0.323384161 -0.3313575297 -0.090418784 -0.58897486 0.122111291 -0.49960495 -0.041561131 -0.631504546 -0.885925445 -0.779370337 -0.5100409379 -0.2234383838 -0.242669079 -0.0145673448 0.5519835046 -0.2262496368 -0.033372323 0.0844274112 -0.191455387 -0.624792409 0.022816858 -0.089171482 0.1013417785 -0.061604797 -0.104703777 -0.01672569 0.113212208 0.20896832 0.080311925
2439 2439 0.154854724 0.4014317417 0.52227882 -0.04707603 0.46573011 0.63850493 -0.368969099 0.681070949 1.140523982 1.447523995 1.0495363588 0.9738084008 -1.404125544 0.2250493474 0.0293789284 0.247008139 0.144164771 -0.0533879117 0.181485971 -0.290661377 0.149482092 0.345543194 -0.0021522116 0.265890487 -0.104509334 -0.1211946 -0.181446373 -0.58657877 -0.790190161
2476 2476 -0.20728611 -0.6377412487 -0.722312609 -0.70505054 -0.376832253 -0.64591182 0.201256666 -0.226639557 -0.086642091 0.064102489 0.0182513617 0.2761507476 0.164627929 -0.2432116996 -0.1546028973 0.192618191 -0.099939953 -0.1575556285 0.203775212 -0.283036308 -0.105896761 -0.039818327 0.2229417326 -0.074922187 0.463409548 0.2377701 -0.013932241 0.13699053 0.224553267
2493 2493 0.405393609 -0.3320720831 0.392765101 0.35232908 0.785706025 1.02896984 0.329928143 -0.170173365 -0.434862134 -0.624744627 -0.3880750447 -0.1950316562 -0.090824641 0.1224378282 0.1052473874 -0.4857520845 -0.018418003 0.4523185604 0.617866937 -0.254273325 0.060418614 -0.014450693 -0.1569834092 0.111643535 -0.389414981 -0.07236373 -0.471304792 -0.27597788 -0.121041732
2506 2506 -0.102529951 -0.3109387689 -0.001712447 0.2075625 -0.05647039 -0.34483133 -0.002109688 -0.295376581 -0.067041661 -0.127944736 -0.0403052793 -0.3973900851 0.192348122 0.3519301103 0.3701966153 0.495291089 -0.172467591 -0.221953731 -0.010566658 -0.648837019 -0.041421163 -0.05500321 0.168729579 -0.064017778 0.496969241 0.1730856 0.045923367 0.39683433 0.900565132
2507 2507 -0.87354518 -0.3428131513 -1.407501319 -0.3104424 -1.456377286 -1.3042325 -0.224913277 0.240383018 -0.547345133 -0.484362108 -0.5674649152 -0.1487260926 -0.063860784 -0.234928682 -0.3334479637 0.2132011337 -0.211346704 -0.056494786 -0.572639563 0.226782706 0.039553566 -0.117754246 -0.0816088155 0.174744054 -0.001748739 0.07972204 0.085244374 -0.43334455 -0.478744237
2510 2510 -0.079746264 -0.310888269 -0.071773326 -0.55913987 0.556729964 0.31491935 -0.035349531 0.489178805 0.743948217 1.083110286 0.668992513 1.4275285518 0.766845439 -0.2502256732 -0.1973070113 -0.1774832191 0.115775989 0.4133693216 0.505263146 0.236810094 0.196260423 0.087714074 -0.4731549208 -0.323163902 0.524930907 0.1148475 0.199983437 -0.07940993 0.020362641
2511 2511 0.322182007 -0.4711216613 -0.181017534 0.13072815 -0.455123885 -0.49053084 0.047847831 0.450111008 0.765054749 0.502994195 0.4862928617 0.773578661 0.257666451 0.5283655794 -0.1041367554 0.3902264615 -0.060456734 -0.7774777958 0.057567643 -0.485579446 -0.16022289 -0.003048404 -0.1941140526 -0.052353741 -0.321057912 0.1666324 -0.079705326 -0.53634272 -0.764023193
2519 2519 0.264270553 -0.0536059237 0.377914571 -0.18552684 0.010813926 0.71631508 0.342807426 0.280656978 0.364437655 0.529193789 0.3562193339 0.3148817438 0.055680358 0.0022794541 -0.0641438026 0.1456344219 0.22933688 -0.2360608472 -0.440533609 -0.340012315 -0.128438485 -0.115760821 0.096025164 -0.125448076 0.746102829 0.2752027 0.15702618 0.31760767 -0.107579831
2549 2549 0.183510017 0.5951460704 0.479495576 0.94689541 0.02657992 -0.14372528 -0.103318385 -0.339215826 0.149547319 0.256170044 0.0147428192 0.2743615264 0.108581961 -0.0408453929 0.0544803388 -0.4228030164 0.130676369 0.2687749585 0.695003227 0.599097933 0.143962887 0.015544189 0.1013105443 0.211916281 0.248130371 0.1801396 0.289859895 -0.43769484 -0.085753744
2759 2759 0.002162565 -0.1772868914 0.169555155 -0.10597661 0.538290361 0.01986436 0.449851649 -0.349140434 -0.434819506 -0.658951996 -0.3560303144 -0.5128697119 0.289520906 -0.1603910124 -0.4413459118 -0.2905903351 0.271067139 0.4185408051 -0.09446948 0.362883435 0.056306435 0.141241733 -0.3519090081 -0.480441747 0.501821404 0.2355846 -0.224779841 0.42772791 0.167926714
2767 2767 0.167182721 0.0248356303 0.147496935 -0.23298969 0.296058334 0.50103053 0.018882102 0.506236698 0.146519016 -0.31221182 0.0877905674 -0.0600519459 -0.475192434 0.0019501581 0.4826997648 0.2166739265 0.135223738 -0.5741594693 -0.069702158 -0.426584551 -0.086306658 -0.017745505 0.1381961934 -0.069680065 0.085994937 0.008075056 -0.181905562 0.11713533 0.226950793
