FAMID ID rs10087236 rs1008723 rs11557466 rs12946510 rs1579258 rs2061831 rs2189966 rs2210913 rs2618473 rs2618476 rs2893312 rs3093025 rs3806624 rs4722758 rs4728142 rs61897793 rs6859219 rs7522061 rs917117 rs9903250 rs9916765
809 809 1 1 1 1 1 1 0 0 1 1 0 1 1 0 0 0 0 1 0 1 1
810 810 0 1 1 1 1 1 0 2 1 1 0 2 0 0 1 0 0 0 0 1 1
813 813 0 1 1 1 1 0 1 1 0 0 1 2 1 1 1 0 1 1 1 1 1
814 814 1 1 1 1 1 1 0 1 1 1 0 0 2 0 0 1 0 1 0 1 1
815 815 1 2 2 2 0 0 0 0 0 0 0 1 1 0 1 0 0 1 0 2 2
826 826 0 0 0 0 1 0 0 2 0 0 0 0 1 0 2 0 0 0 0 0 0
827 827 0 1 1 1 2 0 0 1 0 0 0 2 1 0 0 0 2 1 0 1 1
829 829 0 0 0 0 1 1 0 1 1 1 0 2 0 0 0 1 0 1 0 0 0
835 835 0 1 1 1 0 1 0 0 1 1 0 2 0 0 1 0 0 2 0 1 1
838 838 0 0 0 0 1 1 0 1 1 1 0 2 2 0 0 1 0 1 0 0 0
840 840 1 1 1 1 2 1 0 0 1 1 0 1 2 0 1 0 0 2 0 1 1
841 841 0 1 1 1 1 2 0 1 2 2 0 1 2 0 2 0 0 1 0 1 1
842 842 0 1 1 1 0 0 0 1 0 0 0 1 0 0 1 0 0 1 0 1 1
844 844 1 1 1 1 2 1 0 0 1 1 0 0 1 0 0 1 2 2 0 1 1
845 845 0 0 0 0 0 0 1 0 0 0 1 0 2 1 0 0 0 2 1 0 0
854 854 0 2 2 2 0 0 1 0 0 0 1 0 1 1 1 0 1 2 1 2 2
867 867 1 0 1 1 2 0 1 0 0 0 1 1 1 1 1 0 0 2 1 0 0
868 868 0 2 2 2 2 0 0 1 0 0 0 0 1 0 0 0 1 1 0 2 2
878 878 1 0 0 0 2 1 1 0 1 1 1 0 0 1 1 0 0 2 1 0 0
879 879 0 2 2 2 0 0 1 2 0 0 1 1 1 1 0 1 0 0 1 2 2
882 882 0 1 1 1 0 0 0 2 0 0 0 2 1 0 2 0 1 0 0 1 1
884 884 0 0 0 0 0 1 0 2 1 1 0 1 0 0 0 0 0 0 0 0 0
891 891 1 2 2 2 1 1 1 2 1 1 1 2 0 1 1 0 1 0 1 2 2
892 892 0 2 2 2 0 0 1 0 0 0 1 1 1 1 2 0 1 2 1 2 2
893 893 1 1 1 1 0 1 1 1 1 1 1 1 0 1 2 0 0 1 1 1 1
896 896 0 1 1 1 2 0 0 1 0 0 0 0 0 0 1 0 0 1 0 1 1
898 898 0 1 1 1 0 1 0 1 1 1 0 0 1 0 1 1 0 1 0 1 1
905 905 1 2 2 2 2 0 1 1 0 0 1 1 1 1 1 0 0 1 1 2 2
912 912 0 1 2 2 0 1 1 0 1 1 1 0 0 1 1 0 0 2 1 2 2
915 915 1 1 1 1 1 0 0 1 0 0 0 0 1 0 1 0 0 1 0 1 1
923 923 1 0 0 0 1 0 0 2 0 0 0 1 0 0 2 0 1 0 0 0 0
926 926 0 0 0 0 0 0 1 0 0 0 1 2 0 1 1 0 0 2 1 0 0
929 929 1 1 1 1 1 0 1 1 0 0 1 2 0 1 0 1 0 1 1 1 1
930 930 0 2 2 2 0 1 0 2 1 1 0 1 1 0 1 0 0 0 0 2 2
932 932 1 2 2 2 2 2 1 2 2 2 1 1 1 1 1 1 1 0 1 2 2
934 934 0 0 0 0 2 0 0 1 0 0 0 2 1 0 2 0 1 1 0 0 0
935 935 0 2 2 2 0 0 0 2 0 0 0 1 0 0 0 1 0 0 0 2 2
937 937 0 0 0 0 0 0 2 1 0 0 2 0 1 2 0 0 0 1 2 0 0
938 938 0 1 1 1 1 0 0 0 0 0 0 0 1 0 1 1 0 2 0 1 1
944 944 0 1 1 1 1 1 2 1 1 2 2 2 0 2 1 0 0 1 2 1 1
945 945 0 1 2 2 1 1 2 2 1 1 2 0 1 2 0 1 0 0 2 1 1
946 946 0 1 1 1 0 0 0 1 0 0 0 1 1 0 1 0 0 1 0 1 1
948 948 0 2 2 2 1 1 0 1 1 1 0 1 0 0 2 1 2 1 0 2 2
954 954 0 1 1 1 1 1 0 0 NA 1 0 1 1 0 1 1 2 2 0 1 1
957 957 1 2 2 2 0 1 1 2 1 1 1 0 1 1 0 0 0 0 1 2 2
962 962 1 1 1 1 0 1 1 1 1 1 1 0 1 1 2 0 1 1 1 1 1
965 965 1 1 1 1 0 0 0 0 0 0 0 1 0 0 1 0 1 2 0 1 1
967 967 0 0 0 0 2 0 1 1 0 0 1 1 1 1 2 1 0 1 1 0 0
969 969 0 2 1 1 0 2 1 2 2 2 1 0 2 1 1 0 1 0 1 1 1
973 973 0 1 1 1 1 1 0 0 1 1 0 1 1 0 1 0 0 2 0 1 1
974 974 1 0 0 0 1 1 1 1 1 1 1 1 0 1 0 0 0 1 1 0 0
975 975 1 1 1 1 0 1 0 1 1 1 0 0 1 0 1 0 0 1 0 1 1
978 978 0 1 1 1 2 0 0 0 0 0 0 1 1 0 0 1 1 2 0 1 1
980 980 1 0 0 0 1 1 0 2 1 1 0 1 1 0 1 1 0 0 0 0 0
992 992 0 0 0 0 0 0 1 1 0 0 1 0 2 NA 1 0 0 1 1 0 0
995 995 0 0 0 0 1 0 0 2 0 0 0 0 2 0 1 2 0 0 0 0 0
996 996 1 1 1 1 1 0 1 0 0 0 1 0 0 1 1 0 0 2 1 1 1
1000 1000 2 1 1 1 1 2 0 0 2 2 0 1 1 0 0 0 0 2 0 1 1
1003 1003 0 1 1 1 0 1 1 1 1 1 1 0 1 1 1 0 1 1 1 1 1
1005 1005 0 2 2 2 1 1 0 1 1 1 0 0 0 0 2 0 1 1 0 2 2
1008 1008 0 1 1 1 0 0 0 1 0 0 0 1 1 0 1 1 0 0 0 1 1
1010 1010 1 0 0 0 1 0 0 0 0 0 0 1 2 0 1 0 1 2 0 0 0
1019 1019 1 0 1 0 2 1 2 0 1 1 2 0 1 2 1 0 0 2 2 0 0
1020 1020 0 1 1 1 2 0 0 2 0 0 0 0 1 0 0 0 0 0 0 1 1
1022 1022 0 2 2 2 2 2 0 1 2 2 0 0 1 0 2 0 0 1 0 2 2
1032 1032 0 1 1 1 1 0 0 1 0 0 0 0 0 0 1 0 1 1 0 1 1
1037 1037 2 0 0 0 1 0 0 1 0 1 0 1 1 0 1 1 1 1 0 0 0
1042 1042 0 1 1 1 1 0 0 2 0 0 0 1 0 0 0 0 1 0 0 1 1
1050 1050 0 2 2 2 2 0 1 1 0 0 1 0 1 1 0 0 2 1 1 2 1
1051 1051 0 2 2 2 0 0 0 0 0 0 0 2 0 0 1 0 0 1 0 2 2
1054 1054 0 0 0 0 0 0 0 1 0 0 0 0 1 0 0 0 0 1 0 0 0
1058 1058 0 1 1 1 1 0 0 2 0 0 0 0 0 0 2 1 0 0 0 1 1
1067 1067 0 0 1 1 0 0 2 1 0 0 2 1 1 2 1 2 0 1 2 0 0
1070 1070 0 0 0 0 1 0 0 0 0 0 0 1 1 0 1 1 2 2 0 0 0
1072 1072 0 1 1 NA 1 0 1 1 0 0 1 1 1 1 1 1 1 1 1 1 1
1076 1076 1 0 0 0 0 0 0 1 0 0 0 0 1 0 0 1 0 1 0 0 0
1080 1080 0 0 0 0 0 0 1 1 0 0 1 0 0 1 1 0 0 1 1 0 0
1083 1083 2 1 1 1 1 0 0 2 0 0 0 1 2 0 1 0 0 0 0 1 1
1085 1085 0 1 1 1 1 1 1 0 1 1 0 0 1 0 1 0 1 2 0 0 0
1087 1087 0 2 2 2 1 0 1 1 0 0 1 0 1 1 2 0 1 1 1 2 2
1088 1088 0 1 1 1 2 1 0 2 1 1 0 2 0 0 2 2 0 0 0 1 1
1094 1094 0 0 2 2 0 0 0 0 0 0 0 1 1 0 1 0 0 1 0 0 0
2010 2010 0 1 1 2 0 1 0 1 1 1 0 1 1 0 1 1 0 1 0 1 1
2012 2012 0 0 0 0 0 1 0 0 1 1 0 1 1 0 0 0 2 2 0 0 0
2029 2029 1 1 1 1 0 0 0 1 0 0 0 0 1 0 0 0 0 1 0 1 1
2030 2030 0 2 2 2 0 1 1 2 1 1 1 1 1 1 0 0 0 0 1 2 2
2034 2034 0 0 1 1 1 0 1 2 0 0 1 1 1 1 2 0 1 0 1 0 0
2036 2036 0 0 0 0 1 1 0 1 1 1 0 1 1 0 2 1 0 1 0 0 0
2040 2040 0 2 2 2 1 1 1 1 1 1 1 0 2 1 0 0 0 1 1 NA 2
2042 2042 0 1 1 1 0 1 0 0 1 1 0 0 1 0 1 0 0 2 0 1 1
2044 2044 0 1 1 1 1 1 0 0 1 1 0 1 2 0 0 0 0 2 0 1 1
2045 2045 0 2 2 2 2 1 1 0 1 1 1 0 0 1 0 0 0 2 1 2 2
2047 2047 0 1 1 1 1 1 1 1 1 1 1 0 1 1 1 1 1 1 1 1 1
2052 2052 1 1 1 1 0 2 0 1 2 2 0 1 2 0 0 0 0 1 0 1 1
2054 2054 0 0 0 0 1 1 1 0 1 1 1 1 1 0 1 0 0 2 0 0 0
2062 2062 0 1 1 1 0 0 1 1 0 0 1 0 1 1 2 0 0 1 1 1 1
2067 2067 0 1 1 1 1 2 1 1 2 2 1 0 1 1 1 0 0 0 1 1 1
2072 2072 0 1 1 1 0 1 1 1 1 1 1 1 0 1 1 1 0 1 1 1 1
2075 2075 0 1 2 1 1 0 0 1 0 0 0 1 1 0 1 0 0 1 0 1 1
2078 2078 1 0 0 1 1 1 1 1 1 1 1 0 1 1 0 0 0 1 1 0 0
2086 2086 0 1 1 1 1 0 0 0 0 0 0 0 0 0 1 0 1 1 0 1 1
2087 2087 0 0 0 NA 1 1 1 2 1 1 1 1 1 1 2 0 0 0 1 0 0
2090 2090 0 0 0 0 1 0 0 2 0 1 0 1 1 0 2 1 1 0 0 0 0
2133 2133 0 2 2 2 0 1 1 1 1 1 1 1 2 1 2 0 1 1 1 2 2
2140 2140 0 2 2 2 2 0 1 2 0 0 1 1 1 1 0 0 0 0 1 2 2
2144 2144 1 1 1 1 1 1 0 1 1 1 0 1 1 0 0 NA 1 1 0 1 1
2145 2145 0 1 1 1 0 0 1 1 0 0 1 1 1 1 1 1 1 1 1 1 1
2148 2148 0 1 1 1 0 2 2 2 2 2 2 0 1 2 2 2 0 0 2 1 1
2166 2166 1 2 2 2 1 0 1 2 0 0 1 2 1 1 1 2 0 0 1 2 2
2197 2197 0 0 0 0 0 2 0 1 2 2 0 1 1 0 0 0 0 1 0 0 0
2203 2203 1 1 1 1 1 0 1 1 0 0 1 1 0 1 0 0 0 1 1 1 1
2222 2222 0 2 2 2 0 0 1 2 0 0 1 2 0 1 1 0 1 0 1 2 2
2231 2231 0 1 1 1 2 0 1 2 0 0 1 1 2 1 2 0 0 0 1 1 1
2233 2233 0 1 1 1 1 1 0 0 1 1 0 1 0 0 2 1 0 2 0 1 1
2257 2257 0 1 1 1 2 0 0 1 1 0 0 2 1 0 0 1 0 1 0 1 1
2261 2261 0 2 2 2 0 0 0 0 0 0 0 1 1 0 1 1 0 2 0 2 2
2264 2264 0 1 1 1 1 0 1 0 0 0 1 0 1 1 0 0 1 2 1 1 1
2265 2265 0 1 1 1 1 0 1 1 0 0 1 1 0 1 1 1 0 1 1 1 1
2281 2281 0 1 1 1 0 1 0 1 1 1 0 1 0 0 2 0 0 1 0 1 1
2305 2305 0 0 0 0 1 0 0 1 0 0 0 1 2 0 2 0 0 1 0 0 0
2311 2311 1 2 2 2 1 0 1 1 0 0 1 2 0 1 1 2 0 1 1 2 2
2322 2322 0 0 0 0 NA 0 1 1 0 0 1 2 0 1 0 0 1 1 1 0 0
2330 2330 0 NA 2 2 2 1 1 0 1 1 1 1 1 1 2 1 1 2 1 2 NA
2345 2345 0 2 2 2 0 1 0 1 NA 1 0 0 0 0 1 0 0 1 0 2 2
2348 2348 0 2 2 2 0 0 0 1 0 0 0 1 1 0 0 0 0 1 0 2 2
2367 2367 0 1 1 1 1 0 1 1 0 0 1 1 0 1 2 0 0 1 1 1 1
2368 2368 0 0 0 0 0 2 1 1 2 2 1 1 1 1 1 0 0 1 1 0 0
2379 2379 0 1 1 1 1 1 0 2 1 1 0 0 1 0 1 0 0 0 0 1 1
2390 2390 0 1 1 1 1 0 0 1 0 0 0 2 1 0 0 1 0 1 0 1 1
2437 2437 0 1 1 1 1 0 0 1 0 0 0 2 1 0 0 0 0 1 0 1 1
2439 2439 0 1 1 1 1 0 0 1 1 0 0 0 1 0 0 1 1 1 0 1 1
2476 2476 1 1 0 0 0 0 0 1 0 0 0 1 2 0 2 0 1 1 0 0 0
2493 2493 0 1 1 1 1 1 0 0 1 1 0 0 2 0 0 1 0 2 0 1 1
2506 2506 0 1 1 1 1 0 0 1 0 0 0 1 2 0 1 0 1 1 0 1 1
2507 2507 0 1 1 1 1 0 2 2 0 0 2 1 0 2 0 1 0 0 2 1 1
2510 2510 0 0 0 0 2 1 0 1 1 1 0 0 1 0 0 0 1 0 0 0 0
2511 2511 0 1 1 1 1 0 0 1 0 0 0 0 1 0 0 0 0 1 0 1 1
2519 2519 0 0 0 0 2 0 0 0 0 0 0 1 2 0 1 0 1 1 0 0 0
2549 2549 1 2 1 1 1 1 0 0 1 1 0 2 1 0 2 0 1 2 0 1 1
2759 2759 0 0 0 0 1 1 1 0 1 1 1 1 2 1 1 0 0 2 1 0 0
2767 2767 2 1 1 1 1 0 0 1 0 0 0 1 0 0 1 0 0 1 0 1 1
