FAMID ID ILMN_1786759 ILMN_1662174 ILMN_1797861 ILMN_1666206 ILMN_1849013 ILMN_1797428 ILMN_2374770 ILMN_2341724 ILMN_1798947 ILMN_1682727 ILMN_1691693
809 809 -0.0281784857 -0.583772534 -0.1475555778 -0.4917213322 -0.248556571 -0.3918703 0.192664261 0.2832897406 0.2200277455 -0.195731132 -0.9703987
810 810 0.0751615443 0.066569609 0.0258999629 -0.1732719671 -0.514361361 0.003639902 0.128134616 -0.9851438013 -0.9362942938 -0.1893859091 -0.048252358
813 813 0.0541279734 0.305514642 -0.3806657285 -0.4114114225 -0.296672416 0.2946507 -0.226017625 -0.4442088193 -0.485981293 0.0891930256 0.320952565
814 814 0.1527732158 0.315906536 0.264752607 -0.1588438812 0.099344399 -0.1052401 -0.017489581 0.7638615758 0.6963366255 0.0493185954 0.234716872
815 815 0.0133057853 0.174329554 0.3294986827 0.3532040462 0.423765422 -0.2293984 -0.00218033 0.4122243093 0.5095910484 0.1204832005 -0.213713554
826 826 -0.1642276509 -0.598380533 0.1099139223 -0.3693532917 -0.065986222 0.3589088 -0.087786775 -0.7518024325 -0.3164921496 0.195733465 0.128692956
827 827 0.1408245789 0.381664276 -0.6495437093 0.3025531119 -0.424555133 0.3694338 -0.002520014 -0.9981018165 -1.1843179803 -0.1403081439 -0.025113892
829 829 0.1722584428 0.277642308 -0.0505552331 -0.2684624102 0.34853269 0.07640285 -0.428503334 0.7929449378 0.6609977469 0.2941896722 -0.074013335
835 835 NA NA NA NA NA NA NA NA NA NA NA
838 838 -0.0192019064 0.178947228 0.3419072612 0.1605026415 0.192634459 1.09345 -0.065448387 -0.0215786005 0.2434558789 -0.0582470442 0.486525206
840 840 -0.0002784059 -0.621321498 0.7488173428 0.0689853421 0.337399702 -0.3132147 -0.069721446 0.888928827 0.5750386212 0.2067172013 -0.302924254
841 841 -0.2701294764 0.050780773 0.5544213601 0.0538283705 0.330867749 -0.1216199 0.215443447 -0.1085334142 -0.0392613663 -0.1654782304 0.000329762
842 842 -0.3006373085 0.093132627 0.5606544943 0.4486327407 0.070948496 -0.1752996 -0.117993241 0.4637162707 0.6197629526 -0.1578061269 0.316364802
844 844 0.0673044744 -0.013675753 -0.4730208362 0.0825778723 0.011917508 -0.2620482 -0.024949164 -1.2788150332 -1.337196111 0.0398281518 -0.118399411
845 845 -0.0255786029 0.004538805 0.0214640527 -0.2952396755 0.550153952 -0.2769698 -0.147633091 1.2911131136 1.551762137 0.448488915 -0.031130314
854 854 -0.0991289525 0.059734074 -0.2193636668 0.1844158294 -0.062921829 -0.1480632 0.096984187 0.2722809423 0.1757188413 -0.4303225107 -0.15926508
867 867 NA NA NA NA NA NA NA NA NA NA NA
868 868 NA NA NA NA NA NA NA NA NA NA NA
878 878 0.0730806924 -0.394527509 -0.8185978222 0.219048971 0.058670325 -0.1130187 0.143377781 -0.8824746396 -1.0792439648 0.1458005304 -0.260212798
879 879 NA NA NA NA NA NA NA NA NA NA NA
882 882 0.1909262554 0.450007966 -0.2411283507 0.2303462969 -0.201047122 -0.306367 -0.124789243 -0.4569155824 -0.6144058158 0.2027298124 -0.226331848
884 884 NA NA NA NA NA NA NA NA NA NA NA
891 891 0.104372047 0.276520811 -0.2018889338 0.2396314553 -0.213008618 0.3618066 -0.038092966 -0.2712921851 -0.5304039276 0.2359821004 0.315923812
892 892 NA NA NA NA NA NA NA NA NA NA NA
893 893 NA NA NA NA NA NA NA NA NA NA NA
896 896 -0.1497314974 0.190108372 0.0414402559 0.0637752152 0.021774136 -0.6473079 0.081236195 -0.8704477659 -0.6299532075 -0.105557652 -0.387162837
898 898 -0.0091009755 0.032585115 -0.0207227224 -0.5171290016 -0.047293977 -0.68873 0.16473183 -0.1010642127 -0.2482711061 -0.3673764473 -0.490811533
905 905 0.072918741 0.44261904 0.2858043571 0.1605979052 0.309991882 0.1850135 0.171636833 0.3230009592 0.2491584087 -0.0773051707 0.236386266
912 912 -0.2203350593 0.187492466 -0.1446961898 0.1923394696 -0.228483037 -0.3122457 -0.065230382 0.6318875637 0.6506600615 0.055592007 -0.522527359
915 915 -0.1593168794 0.098613561 0.0726652608 0.0755200592 -0.142332006 -0.7113024 0.079207473 0.4823614516 0.4195425996 0.3005719605 -0.232758015
923 923 NA NA NA NA NA NA NA NA NA NA NA
926 926 -0.1616798403 -0.193080389 0.2974665052 -0.1906982935 -0.050342804 -0.9413282 0.033505995 -0.5786031195 -0.7142485677 0.0747869502 -1.337869662
929 929 -0.0124255157 0.273274913 0.1220234037 0.0993255932 0.090782406 -0.04681282 0.019202962 0.8895068094 0.7384047873 0.19239917 -0.202902718
930 930 -0.130378337 0.506617868 -0.2298033918 0.1070885769 -0.179483327 1.33605 0.001676515 -0.438069496 -0.5395637158 -0.3637586684 1.354141181
932 932 0.0740183864 0.516087637 0.2884629727 0.1960810052 -0.59960423 0.4912134 0.062691149 -0.4853334193 -0.1546127655 -0.0347580928 0.672680236
934 934 0.0282993841 -0.305749524 0.246439089 0.1266758285 0.271293257 -0.4985448 -0.018750815 -0.0333332141 -0.0256868234 -0.0064324423 -0.535039709
935 935 -0.1946530265 0.325333591 -0.0889938609 0.6173041334 -0.098919194 0.6631537 -0.073981554 0.1006236213 0.2098653302 -0.0922833294 0.768658301
937 937 0.1569192792 -0.234889244 -0.3333030234 -0.0439593068 -0.401876806 -0.2141497 -0.268300151 -0.5244476658 -0.6315120585 0.4652025718 -0.240346753
938 938 -0.0115449549 0.094298017 0.1105144332 -0.1189964688 -0.141943231 -0.5327027 0.199689758 -0.6843965297 -0.6135549601 -0.1824914523 -0.463499823
944 944 NA NA NA NA NA NA NA NA NA NA NA
945 945 0.2374130736 0.328698925 0.2178175265 0.751957819 0.484515379 0.3298285 -0.190867412 0.9369339971 1.1117785449 0.1806541718 0.280248069
946 946 0.0467454984 -0.013976162 0.0725159999 -0.3299602717 -0.192073664 0.9639178 0.125686062 0.2400048062 0.2710937434 -0.2787790846 1.016346811
948 948 NA NA NA NA NA NA NA NA NA NA NA
954 954 0.0380612945 -0.504992246 -0.2333873603 -0.0954290895 -0.577654256 -0.4763 0.156453453 -1.3088738453 -1.0945930355 -0.2614701817 -0.601048685
957 957 NA NA NA NA NA NA NA NA NA NA NA
962 962 0.0206146469 0.45165803 -0.4904465201 0.3479582636 -0.331174808 0.4859407 -0.290495829 -1.2004702398 -1.4615377156 -0.0006302788 -0.045883226
965 965 -0.1002880317 0.218338135 0.5167381889 0.3418684678 -0.156216947 0.07316226 0.068790733 -0.2937123576 -0.1689770946 0.332386113 0.45526403
967 967 -0.081963414 -0.150814497 0.0988591 0.0230779252 0.146638851 0.6979838 -0.188614722 0.1968302427 0.1172700289 -0.0382421107 0.800653687
969 969 0.1405657932 0.073202446 -0.2196554732 -0.0075393987 -0.019673031 0.4659336 0.182995716 0.1712512527 0.1705539693 0.0743266305 0.40758261
973 973 -0.138430454 0.940231099 0.3757402513 0.174236352 0.284496908 -0.2750128 0.106756168 0.3234406783 0.3330591599 -0.0570731062 -0.195525915
974 974 0.263334382 -1.533953618 -0.0883578411 -0.478413539 0.055414259 0.3054727 -0.210362229 0.0855252361 0.1316852103 0.5358634327 0.424992728
975 975 0.114300771 -0.180026543 -0.1240372706 -0.1637531627 0.233474187 0.9513663 -0.077551853 0.1979822847 -0.0293557311 0.0243342608 0.379892643
978 978 -0.0083944285 0.091061158 0.150074689 -0.1920149209 -0.130482242 -0.354527 0.024137537 -0.4123753536 -0.2713694815 -0.0424356831 -0.843888121
980 980 0.0524498858 -0.150574975 -0.0790228949 -0.3832424999 0.382592978 0.6276417 0.308315317 0.8129662929 0.8396012855 -0.2189580766 0.437514364
992 992 0.0157456679 -0.146688519 -0.3565197554 0.0145953249 0.054845501 0.1942884 0.201498642 -0.6738890757 -0.6124987747 -0.1304865814 0.277314851
995 995 0.1395179419 -0.175742841 0.0385449089 -0.113024009 0.16289565 0.4689972 -0.050459967 0.6037700098 0.7889136357 -0.0824027959 0.532452795
996 996 -0.1879766897 0.321890786 -0.1300980273 0.3670589422 0.005259225 0.03482959 0.234069966 0.2423038652 -0.075379708 -0.0254646384 0.30330015
1000 1000 -0.0387131019 -0.103657163 -0.0362446551 0.1248641935 -0.091143926 -0.3427489 -0.111235852 -0.1855880806 -0.011358662 -0.3984930463 -0.714734124
1003 1003 0.1760467932 -0.147304193 0.1130865837 -0.1386362003 0.171495262 0.03314465 -0.068503877 0.277723612 0.2304128015 0.1253374542 -0.131492242
1005 1005 -0.0383072869 0.575497509 -0.0911130252 0.3896416153 -0.081588713 -0.5056715 -0.098604561 0.5144942976 0.4608766896 -0.0327584697 -0.108148259
1008 1008 -0.0765552034 -0.246677171 0.1338541765 -0.2008446774 0.18411404 0.1434196 0.065172368 1.0765143081 1.0539775171 -0.3667058699 0.448565259
1010 1010 0.1263445271 0.092298959 -0.0511243685 -0.4314591256 -0.011840942 -0.4416047 0.052736537 0.5229348642 0.3182043178 0.0064584195 -0.858707399
1019 1019 -0.2627145139 -0.516962405 0.2761605961 -0.4468599314 0.158265049 -0.03721049 -0.164526219 0.2101240726 -0.0052905991 0.3714886658 -0.670487397
1020 1020 -0.043681804 0.244480413 -0.0438450488 -0.3126315969 0.042018847 0.6837585 0.123210339 0.3130165501 0.3006830358 -0.1459509703 0.512112436
1022 1022 0.2007328481 0.146726693 0.0979830458 0.6218045514 0.215409415 -0.1581284 -0.280574595 0.4973273822 0.5389815404 0.3252130086 0.272100972
1032 1032 -0.1560211563 -0.101142756 -0.657505643 -0.4662346982 -0.063332975 -0.569482 0.210148537 -0.1925972385 -0.1698929669 -0.5305778272 0.082655055
1037 1037 -0.0587399823 -0.297653022 -0.1338773447 -0.1757370599 -0.111958726 0.2222034 0.248985321 -1.6086801889 -1.3676116509 -0.1317107861 0.442155297
1042 1042 0.0781732328 0.35442664 0.1464120968 0.3211579005 0.176377365 0.5316376 -0.203296595 0.5473626697 0.4574072809 0.2612669993 0.627779025
1050 1050 0.0041201827 -0.215848857 -0.109047216 0.2194948766 -0.23937352 2.659614e-05 -0.279127521 -1.6704521937 -1.4292072102 0.1874417216 0.093275421
1051 1051 -0.3277837352 0.281768241 0.1935074355 0.2546723862 0.28210516 0.2451236 -0.055802364 0.7074954403 1.018537241 0.072890964 -0.053770263
1054 1054 0.0903302195 0.036856058 0.0349841103 0.1771337829 -0.083557084 -0.3727318 0.148726239 -0.1278948036 -0.3581398441 -0.1926659698 -0.063314775
1058 1058 0.1607826941 -0.053396427 0.1984941706 -0.1747831487 0.252742106 0.3835752 0.066758673 0.9177213371 0.9516994878 -0.0768107602 0.869286504
1067 1067 0.0141891462 0.009055486 0.0944199466 -0.1007305097 0.091056357 -0.3748248 -0.04306218 0.1545887567 0.2255349305 0.5893040318 -0.030427239
1070 1070 0.1855555034 0.186250493 0.0007490161 -0.0280982857 0.187006708 -0.1768319 0.149251049 -0.0744004362 -0.2025816494 -0.0351103156 -0.205485253
1072 1072 -0.0182924476 -0.366362289 0.2957749234 -0.4575451188 0.197325087 -0.06632873 0.018397133 -0.0546704147 0.0145628371 0.1484772403 0.0092214
1076 1076 0.0685386795 0.463156769 0.2210516714 -0.2058295952 -0.012610609 0.08754584 0.17658224 -0.3809284438 -0.3886536235 -0.1787215583 0.235357374
1080 1080 -0.105149257 -0.813307132 0.1762308933 -0.2281731501 -0.31200399 -0.2134459 -0.148764014 0.5136689296 0.4621341814 -0.1721977171 -0.283556581
1083 1083 -0.1961420656 -0.208969884 0.4449083226 0.3875050383 0.177972631 -0.02911179 -0.041204827 0.425541155 0.5474525389 -0.1430091509 0.165380902
1085 1085 -0.324791315 0.040322355 -0.7928741216 0.3529742728 -0.416848809 -0.7250803 0.179854115 -0.6427206942 -0.8092364259 0.1485191588 -0.943224763
1087 1087 0.0349886346 0.323415467 0.1176473338 0.5396159942 -0.150971297 -0.2125728 -0.014129251 -0.7819592903 -0.545059117 -0.0105965014 -0.677524949
1088 1088 0.2110741269 -0.36324884 0.5492708213 -0.0873284103 0.143227219 1.333647 0.05422103 0.4501508214 0.4506150259 -0.2748048391 1.366923731
1094 1094 -0.000719074 -0.185671037 -0.0431508128 0.2386176802 -0.521954899 0.2938738 0.015709317 -1.0013986987 -0.7264850586 0.1088448624 -0.015760532
2010 2010 0.1015286155 0.339937996 0.6745716747 -0.2228830621 0.230222987 0.3227355 -0.041329548 -0.1126215776 0.0396241962 0.2614215692 0.007005803
2012 2012 0.0528914443 -0.982496172 -0.2437004166 -0.6397463623 -0.267677621 -0.8240204 0.161217616 -1.1256189393 -1.1847201854 -0.2785064174 -0.767084721
2029 2029 -0.0472782643 -0.34039157 -0.4347194512 -0.225622141 0.084704931 0.2369032 -0.117029796 0.9002566703 0.9202447866 -0.1959192362 0.425407314
2030 2030 0.0494073007 0.476398266 -0.039595277 0.5896187781 -0.09119118 -0.4755576 -0.036482098 0.7452684333 0.5430160999 0.1916842362 -0.126691001
2034 2034 0.0619005116 -0.425488721 0.1686464438 0.1666725534 0.424993637 0.4378706 -0.01914941 0.9791426118 0.8997461302 0.2330564156 0.340648581
2036 2036 NA NA NA NA NA NA NA NA NA NA NA
2040 2040 -0.0416678631 0.349793544 -0.1517666929 -0.1417044486 0.039812463 0.1023306 -0.167676066 -0.0002998415 0.0760810298 -0.0184806854 0.642249281
2042 2042 0.0082688418 -0.121598904 -0.0701885777 -0.2782617798 0.037215424 -0.3672436 0.083335489 -0.1166392191 -0.3969853513 -0.1423399583 -0.285240048
2044 2044 -0.0304192508 0.085289591 -0.3044877864 0.221317222 0.089191232 -0.6083446 -0.062038014 -0.4376028602 -0.6485565522 -0.1699864251 -0.689370473
2045 2045 NA NA NA NA NA NA NA NA NA NA NA
2047 2047 0.1036327175 -0.018480205 -1.0876602659 -0.1043295246 -0.348620123 -0.6312284 0.212151432 -0.1124597482 -0.0793152306 -0.1088044067 -0.12369407
2052 2052 0.0547020085 -0.064168635 -0.2126270351 0.2321147491 -0.392139161 -0.6248336 -0.122578855 -0.4069919655 -0.4167742664 -0.231161489 -0.426761649
2054 2054 0.099873129 -0.753253905 -0.0904425346 -0.0006187329 0.153943573 -0.4917378 -0.011908476 0.6042024938 0.3392953669 -0.0919942479 -0.920379117
2062 2062 0.1722503023 -0.511088349 0.1286184406 0.4177271471 -0.047267023 0.0258548 0.29266637 -0.4325688792 -0.4404945777 -0.5145475397 -0.066834418
2067 2067 -0.297303109 0.735901148 0.1931622902 0.3127406756 0.061938787 0.5487425 0.076386093 0.6956031003 0.7135901553 0.1911558514 0.069677816
2072 2072 0.2837763066 -0.089357398 -0.5282371473 0.2842839733 0.334330112 -0.1012248 0.037092665 0.4135600085 0.5584368275 -0.0203223106 0.252773625
2075 2075 -0.2226265675 0.659938177 0.5888927596 -0.1296364649 0.017499122 0.2712903 0.057593963 0.2464271296 0.3399787176 0.1309888743 0.422743502
2078 2078 -0.0186313719 0.194878884 0.3740253156 -0.68452913 0.209890776 0.3443903 0.022159676 0.64742863 0.6941966533 0.2567604314 0.658239591
2086 2086 0.0039432274 0.16024169 -0.3698706881 0.0801806328 -0.069140405 -0.01186824 0.10496364 -0.0714494053 -0.3711200878 0.2033871935 -0.229240831
2087 2087 0.1886401287 -0.103011759 0.1511645373 -0.3745538229 -0.216849216 0.6532557 0.043799264 -0.4079005137 -0.2678348935 0.3139093276 0.599245854
2090 2090 0.0358115887 -0.135937534 -0.2515124381 -0.5335625895 -0.258387974 -0.1805526 0.063434193 -0.4824089775 -0.3443933701 -0.1120471731 -0.101162162
2133 2133 NA NA NA NA NA NA NA NA NA NA NA
2140 2140 -0.1277092993 0.100460414 0.2212275537 -0.1283739682 0.495670038 0.37936 -0.152533344 1.024078285 0.7088118362 0.3261841333 0.426632265
2144 2144 -0.0706842832 -0.35724609 0.1532952585 0.1253851258 -0.278873164 -0.6448042 0.067676626 -0.6899440671 -0.6429021349 -0.1713530325 -0.861127383
2145 2145 0.0036533152 -0.109002954 -0.3878196176 0.1170714533 -0.31279797 -0.5508263 0.012944642 -1.2936287077 -1.2219171237 -0.0095317305 -0.703148799
2148 2148 0.1342535968 -0.350742282 -0.6280593941 -0.2204186981 -0.221708857 -0.06259788 -0.303521332 -0.1263469601 -0.1840450527 0.3990775245 0.155257587
2166 2166 NA NA NA NA NA NA NA NA NA NA NA
2197 2197 NA NA NA NA NA NA NA NA NA NA NA
2203 2203 NA NA NA NA NA NA NA NA NA NA NA
2222 2222 -0.0079841524 0.427898976 0.4729617524 0.4630565803 0.059777751 -0.1825831 -0.129677862 -0.4156255761 -0.0125166848 0.4759107192 -0.264371311
2231 2231 -0.1387013987 -0.474111405 -0.0254163769 0.073578621 0.042421915 -0.03886835 -0.154936767 -0.0730414104 0.0005776437 -0.0228029788 -0.134960991
2233 2233 -0.1264243286 0.092222573 -0.0271604756 0.3270586568 -0.076780514 0.4414669 0.001710752 0.2848452147 -0.0103875392 -0.3737679221 0.320707812
2257 2257 0.1774846176 0.072937488 -0.5631842843 -0.2050449674 0.183832728 0.2760442 -0.079177593 0.5597348319 0.4864614786 -0.549575477 0.505409423
2261 2261 0.0941516199 -0.04969534 0.7144763349 -0.4113461041 0.505622353 -0.508606 -0.087190463 1.2742156995 1.4599814903 -0.2984158634 -0.532860552
2264 2264 -0.1714648909 0.130884584 0.2685807518 -0.4834887722 -0.175110864 -0.1585414 0.036029677 -0.0798543419 -0.0652086947 0.1094948241 -0.583165327
2265 2265 NA NA NA NA NA NA NA NA NA NA NA
2281 2281 NA NA NA NA NA NA NA NA NA NA NA
2305 2305 NA NA NA NA NA NA NA NA NA NA NA
2311 2311 NA NA NA NA NA NA NA NA NA NA NA
2322 2322 NA NA NA NA NA NA NA NA NA NA NA
2330 2330 NA NA NA NA NA NA NA NA NA NA NA
2345 2345 NA NA NA NA NA NA NA NA NA NA NA
2348 2348 NA NA NA NA NA NA NA NA NA NA NA
2367 2367 NA NA NA NA NA NA NA NA NA NA NA
2368 2368 NA NA NA NA NA NA NA NA NA NA NA
2379 2379 NA NA NA NA NA NA NA NA NA NA NA
2390 2390 NA NA NA NA NA NA NA NA NA NA NA
2437 2437 NA NA NA NA NA NA NA NA NA NA NA
2439 2439 NA NA NA NA NA NA NA NA NA NA NA
2476 2476 NA NA NA NA NA NA NA NA NA NA NA
2493 2493 NA NA NA NA NA NA NA NA NA NA NA
2506 2506 NA NA NA NA NA NA NA NA NA NA NA
2507 2507 NA NA NA NA NA NA NA NA NA NA NA
2510 2510 NA NA NA NA NA NA NA NA NA NA NA
2511 2511 NA NA NA NA NA NA NA NA NA NA NA
2519 2519 NA NA NA NA NA NA NA NA NA NA NA
2549 2549 NA NA NA NA NA NA NA NA NA NA NA
2759 2759 NA NA NA NA NA NA NA NA NA NA NA
2767 2767 NA NA NA NA NA NA NA NA NA NA NA
